 	Area	X	Y
1	16	1512.438	15.750
2	4	1592.250	15.500
3	1	1506.500	15.500
4	33	1560.500	23.682
5	38	1531.237	25.500
6	8	1613.250	32.250
7	1	1561.500	37.500
8	22	1573.864	43.773
9	36	1511.361	48.861
10	32	1560.406	50.375
11	1	1575.500	48.500
12	11	1613.500	51.500
13	18	1603.500	61.944
14	25	1572.860	69.900
15	39	1604.346	75.885
16	44	1526.409	82.455
17	1	1606.500	82.500
18	1	1512.500	83.500
19	25	1477.940	89.660
20	1	1599.500	92.500
21	17	1601.912	95.912
22	18	1469.944	103.944
23	34	1486.794	106.412
24	52	1556.346	109.904
25	23	1515.239	110.848
26	1	1485.500	110.500
27	20	1594.800	117.700
28	6	1464	129.500
29	16	1563	130.500
30	35	1587.186	131.471
31	32	1471.781	151.562
32	1	1476.500	154.500
33	39	1510.167	166.474
34	22	1521.136	166.273
35	17	1590.382	167.971
36	1	1519.500	172.500
37	28	1536.036	175.107
38	42	1567.810	184.619
39	1	1564.500	190.500
40	37	1542.824	194.392
41	31	1513.306	198.790
42	1	1541.500	199.500
43	30	1467	205.967
44	15	1539.767	214.233
45	2	1548.500	217
46	31	1464.339	225.984
47	39	1492.449	228.910
48	4	1559.250	230.500
49	30	1521.400	233.567
50	35	1466.729	241.443
51	1	1545.500	242.500
52	18	1529.167	250.389
53	10	1547.500	252
54	1	1566.500	256.500
55	37	1471.446	263.743
56	1	1507.500	264.500
57	1	1541.500	278.500
58	13	1544.192	279.962
59	12	1481.833	289.917
60	32	1475.188	293.062
61	44	1438.659	299.568
62	15	1460.300	298.367
63	3	1558.833	298.167
64	18	1565.111	300.944
65	28	1466.143	308.107
66	2	1478	310.500
67	1	1466.500	313.500
68	32	1517.875	324.875
69	1	1441.500	322.500
70	31	1494.468	327.242
71	14	1455	329
72	1	1516.500	329.500
73	1	1425.500	332.500
74	20	1552.300	342.850
75	32	1532	349.875
76	1	1546.500	356.500
77	9	1494.389	362.833
78	18	1435.167	366.833
79	45	1525.367	368.900
80	47	1466.819	373.011
81	1	1519.500	371.500
82	15	1512.833	376.367
83	34	1419.706	378.147
84	13	1440.423	377.577
85	30	1549.133	381.833
86	28	1480.357	387.750
87	31	1506.629	388.177
88	1	1497.500	393.500
89	40	1428.975	407.050
90	1	1419.500	405.500
91	1	1461.500	410.500
92	1	1461.500	413.500
93	12	1481.750	422.917
94	38	1446.974	427.026
95	1	1481.500	426.500
96	37	1408.419	436.743
97	44	1491.614	444.091
98	1	1462.500	440.500
99	37	1428.905	448.149
100	1	1488.500	449.500
101	1	1493.500	449.500
102	29	1529.810	454.776
103	30	1503.900	464.400
104	18	1485.222	470.444
105	23	1503.717	476.717
106	14	1518.929	478.071
107	1	1445.500	477.500
108	4	1529.250	484.250
109	34	1425.206	487.853
110	34	1443.382	496.118
111	1	1472.500	501.500
112	32	1462.812	512.719
113	1	1388.500	513.500
114	1	1432.500	523.500
115	44	1433.318	532.636
116	9	1512.722	529.833
117	33	1400.106	545.924
118	38	1489.947	551.342
119	46	1514.935	555.522
120	33	1441.773	557.015
121	6	1487.833	557.833
122	45	1388.433	575.256
123	30	1429.700	589.933
124	28	1482.143	590.893
125	40	1402.325	592.850
126	21	1439.738	594.548
127	1	1483.500	595.500
128	28	1467.107	599.500
129	29	1489.224	600.017
130	29	1477.569	613.948
131	4	1368.500	618
132	2	1476	619
133	22	1433.591	628.455
134	1	1453.500	637.500
135	5	1476.300	642.100
136	38	1432.921	651.737
137	23	1444.413	663.587
138	20	1459.800	663.550
139	51	1370.029	670.676
140	1	1443.500	667.500
141	2	1441.500	670
142	27	1465.463	676.426
143	50	1479.760	689.480
144	5	1375.700	692.700
145	1	1406.500	692.500
146	2	1481	695.500
147	1	1477.500	697.500
148	24	1435.083	706.583
149	4	1352.250	709
150	33	1443.076	717.258
151	41	1396.817	718.817
152	1	1454.500	717.500
153	18	1447.167	735.611
154	24	1353.708	746.083
155	40	1408.375	760.050
156	32	1368.031	765.594
157	25	1421.340	769.740
158	29	1441.672	771.707
159	25	1358.420	772.380
160	25	1396.340	783.620
161	17	1429.676	784.265
162	33	1339.803	794.682
163	33	1383.167	798.561
164	24	1410.500	802.875
165	9	1456.944	807.389
166	33	1450.318	815.530
167	16	1464.438	816.188
168	37	1428.284	817.608
169	40	1391.725	819.925
170	30	1359.433	825.867
171	1	1419.500	823.500
172	40	1349.325	846.025
173	25	1452.580	853.100
174	11	1420.227	857.409
175	2	1458.500	862
176	6	1424	865.500
177	1	1439.500	868.500
178	29	1406.466	872.121
179	1	1407.500	876.500
180	1	1409.500	878.500
181	30	1433.767	887.567
182	36	1374.750	896.778
183	1	1400.500	906.500
184	39	1417.397	909.885
185	42	1348.095	911.143
186	2	1429.500	913
187	42	1317.095	927.762
188	26	1443.038	931.231
189	13	1387.654	932.115
190	20	1420.250	937.150
191	44	1352.045	943.955
192	30	1414.467	954.267
193	1	1377.500	953.500
194	5	1412.900	960.300
195	38	1304.026	965.368
196	1	1395.500	968.500
197	1	1401.500	982.500
198	44	1307.045	987.364
199	49	1420.827	989.786
200	45	1347.278	1005.011
201	48	1380.771	1007.083
202	35	1309.271	1009.814
203	1	1328.500	1013.500
204	1	1330.500	1022.500
205	5	1363.900	1031.300
206	50	1348.360	1037.840
207	6	1324.667	1040.167
208	1	1350.500	1043.500
209	27	1309.019	1063.981
210	1	1311.500	1068.500
211	35	1373.586	1073.757
212	26	1346	1075
213	29	1402.121	1079.328
214	1	1341.500	1077.500
215	16	1332.500	1087.375
216	52	1381.115	1090.269
217	1	1392.500	1086.500
218	4	1312.250	1094.250
219	51	1287.108	1101.304
220	36	1319.917	1104.167
221	1	1324.500	1101.500
222	5	1396.300	1102.300
223	1	1352.500	1107.500
224	13	1402.423	1109.115
225	2	1410.500	1111
226	15	1407.767	1118.967
227	37	1330.581	1120.689
228	20	1291.600	1123.350
229	1	1344.500	1126.500
230	1	1273.500	1132.500
231	13	1275.115	1134.885
232	14	1266.714	1143.714
233	34	1303.235	1148.618
234	54	1365.167	1153.389
235	10	1261.300	1170
236	37	1271.500	1192.392
237	45	1319.744	1196.856
238	31	1363.435	1201.597
239	38	1339.605	1203.763
240	1	1363.500	1206.500
241	30	1375.133	1208.867
242	17	1273.853	1213.265
243	8	1255.375	1217
244	42	1301.357	1222.952
245	5	1341.900	1229.700
246	37	1271.419	1241.122
247	27	1273.611	1253.093
248	20	1380.900	1258.550
249	1	1273.500	1257.500
250	40	1294.675	1264.275
251	1	1291.500	1267.500
252	17	1330.206	1269.618
253	39	1354.833	1274.936
254	17	1245.676	1278.265
255	33	1288.136	1291.955
256	36	1312.833	1294.611
257	12	1365.833	1292.750
258	1	1353.500	1294.500
259	42	1243.024	1302.738
260	40	1329.025	1312.075
261	18	1272.611	1324
262	31	1322.790	1330.823
263	14	1351.929	1329.071
264	1	1306.500	1331.500
265	32	1289.594	1337.562
266	46	1247.065	1342.891
267	1	1229.500	1346.500
268	19	1282.447	1356.184
269	34	1287.088	1375.118
270	39	1336.346	1375.808
271	18	1305.111	1382.111
272	6	1261.167	1387.333
273	1	1350.500	1387.500
274	2	1219.500	1395
275	1	1221.500	1394.500
276	29	1244.052	1399.776
277	40	1312.800	1407.025
278	10	1267.500	1406.700
279	1	1310.500	1411.500
280	51	1223.088	1417.971
281	1	1292.500	1415.500
282	1	1242.500	1421.500
283	5	1241.700	1423.900
284	1	1285.500	1429.500
285	8	1341.750	1439
286	44	1294.432	1443.227
287	3	1219.500	1441.500
288	1	1291.500	1448.500
289	1	1222.500	1449.500
290	1	1250.500	1450.500
291	39	1260.064	1456.756
292	31	1270.500	1461.726
293	12	1317.083	1460.583
294	1	1209.500	1459.500
295	27	1215.204	1464.944
296	35	1334.243	1466.043
297	1	1279.500	1468.500
298	16	1204.375	1476.562
299	42	1209.619	1504.619
300	33	1271.258	1503.530
301	38	1253.816	1513.711
