 	Area	X	Y
1	29	157.845	2.086
2	11	372.045	1.045
3	22	397.500	2.136
4	5	421.300	0.900
5	23	909.978	2.065
6	24	1002.167	3.333
7	15	1078.833	1.833
8	20	1118.550	1.900
9	8	1183.875	0.875
10	22	1243.182	2.409
11	32	1718.656	3.344
12	31	1573.274	4.048
13	31	1932.694	5.887
14	11	516.227	5.409
15	11	851.500	4.955
16	20	73.300	6.900
17	31	352.339	7.500
18	11	1487.773	6.409
19	15	43.100	7.633
20	6	914.667	6.667
21	18	1016.389	7.167
22	28	1269	8.500
23	33	531.742	9.136
24	26	777.577	8.923
25	6	1172.500	9.833
26	24	1462.167	10.917
27	26	1883.538	11.923
28	33	2030.864	12.530
29	25	214.740	13.140
30	13	1347.577	13.423
31	37	456.797	15.365
32	24	562.500	15.125
33	25	1333.740	19.380
34	29	1819.534	21.810
35	4	617	22.250
36	26	1971.462	23.538
37	18	756.056	24.833
38	6	56.333	24.333
39	29	1368.845	26.397
40	19	1224.816	28.132
41	34	1450.706	29.382
42	7	133.214	31.071
43	33	1249.864	32.409
44	36	1297.944	32.806
45	29	1684.948	32.086
46	5	1608.100	31.500
47	40	273.475	35.100
48	32	375.438	34.844
49	15	1756.167	34.700
50	39	1520.705	37.756
51	10	1213.800	37
52	31	1587.565	38.145
53	30	1782.733	38.800
54	37	658.284	39.473
55	25	826.220	39.460
56	16	147.312	40.188
57	18	1870.389	40.278
58	29	480.224	41.983
59	38	736.763	42.237
60	53	926.934	45.802
61	22	1932.318	43.818
62	26	1079.962	47.192
63	15	1428.167	46.567
64	29	304.397	48.603
65	8	83	47.750
66	21	1022.976	51.405
67	26	1455.269	50.731
68	32	173.750	53.750
69	28	1190.179	53.143
70	17	257.971	53.676
71	37	989.851	55.095
72	8	191.250	53.375
73	26	461.808	56.308
74	47	25.691	57.755
75	42	584.643	58.333
76	28	1903	56.786
77	24	1381.458	58.125
78	34	1840.647	58.324
79	27	2031.685	57.907
80	19	832.816	59.711
81	25	1356.020	60.060
82	38	1561.053	60.526
83	31	624.081	61.790
84	19	513.868	62.500
85	41	533.939	64.134
86	41	695.037	64.402
87	22	1438.045	62.909
88	24	246.208	64
89	31	1722.177	64.306
90	25	853.660	65.060
91	36	75.083	66.611
92	22	1094.364	65.455
93	26	1684.808	65.808
94	44	8.068	69.068
95	32	109.531	69.125
96	23	905.239	68.935
97	14	1011.643	68.571
98	7	194.929	68.786
99	27	133.315	70.870
100	34	458.941	72.324
101	32	1390.094	72.594
102	41	1615.354	73.988
103	23	1860.630	72.413
104	32	736.906	76.750
105	4	1810.250	73.750
106	31	1899.823	77.468
107	28	2034.357	77.107
108	27	1342.204	78.722
109	37	780.095	80.311
110	30	1011.867	80.767
111	39	1135.064	80.987
112	33	1496.591	81.773
113	8	81.250	80.125
114	25	537.860	82.060
115	26	843.500	81.962
116	33	1760.136	82.985
117	40	1796.550	83.425
118	24	1981.250	84.458
119	27	875.648	84.944
120	9	271.500	86.500
121	32	677.719	89.062
122	28	324.857	90.714
123	27	1709.241	93.130
124	4	209.500	91.750
125	36	241.722	94.472
126	25	355.100	93.660
127	20	1047.850	93.750
128	21	1423.881	93.976
129	28	1489.250	94.536
130	26	1385	94.885
131	25	341.340	96.500
132	18	370.167	95.889
133	36	479.389	96.972
134	22	949.136	95.591
135	30	109.267	98.233
136	38	411.605	97.921
137	28	1865.500	98
138	24	725.792	98.500
139	35	1058.414	99.900
140	29	1527.914	99.500
141	16	1963.625	99.188
142	38	899.342	103.579
143	26	225.962	105.577
144	22	762.318	104.682
145	26	774.192	106
146	35	1248.157	106.700
147	18	1644.889	105.333
148	11	2036.318	104.591
149	28	601.429	107.500
150	31	1296.145	107.855
151	30	1697.567	107.433
152	21	2005.262	108.881
153	26	64.731	109.654
154	32	1095.094	111.719
155	6	1894.333	109.833
156	29	552.672	111.776
157	10	1271.200	110.900
158	35	1446.786	114.214
159	7	518.214	112.643
160	32	1545.625	114.594
161	36	1980.778	117.333
162	31	603.177	118.113
163	23	558.152	118.978
164	35	1745.986	119.843
165	26	183.462	120.769
166	5	929.100	118.300
167	19	172.921	121.395
168	34	644.029	123.676
169	28	1470.036	122.857
170	23	1594.543	122.543
171	21	1283.262	124.262
172	26	827.269	128.462
173	30	1190.633	128.033
174	24	1845.750	128.333
175	33	256.439	129.742
176	35	787.871	130.757
177	16	1183	129.875
178	9	1930.833	128.500
179	27	2016.574	130.389
180	7	1092.071	129.357
181	30	1532.633	131.667
182	28	675.786	132.357
183	7	1294.214	130.500
184	26	1665.192	132.231
185	43	405.453	134.012
186	38	1641.658	135.237
187	32	144.719	137.625
188	6	7.500	137
189	34	121.471	139.235
190	20	277.050	138.450
191	44	1831.864	140.682
192	32	994.094	140.531
193	35	472.300	141.043
194	29	1454.845	140.741
195	49	333.153	144.582
196	33	1018.924	143.712
197	7	1656.500	141.786
198	7	194.786	142.500
199	33	853.682	144.470
200	26	1076.923	145.462
201	27	178.500	146.352
202	36	693.833	147.722
203	42	920.262	148.048
204	28	950.214	147.714
205	32	1156.750	147.125
206	14	273.143	147.357
207	34	1235.471	148.412
208	28	1907.321	147.964
209	31	1103.016	149.597
210	28	524.393	152.143
211	25	773.420	152.940
212	24	477.458	154
213	8	1309.375	152.625
214	36	232.889	155.583
215	25	2028.300	156.380
216	25	1602.340	157.340
217	8	1371.500	157
218	20	260.750	159.700
219	38	1311.684	161.263
220	25	1529.660	160.540
221	7	1695.500	162.071
222	8	354.375	162.375
223	26	1051.962	164
224	12	1678	165
225	5	909.900	165.700
226	43	1330.105	169.430
227	27	2017.389	168.426
228	40	34.325	169.525
229	13	1121.885	168.885
230	31	1497.210	171.177
231	43	1757.756	172.337
232	29	56.776	173.155
233	39	1931.013	173.910
234	21	371.071	173.548
235	17	540.088	173.206
236	22	95.364	175.091
237	37	1469.581	175.176
238	23	2045.761	174.674
239	25	673.580	175.820
240	33	1024.682	176.500
241	13	139.808	176.115
242	43	1860.802	178.244
243	12	639.167	178.500
244	40	848.675	179.800
245	42	1393.286	180.333
246	17	940.147	179.265
247	17	1226.265	179.206
248	6	988	179
249	39	1697.090	182.064
250	24	1134.917	182.208
251	16	1795.062	181.625
252	12	455	183.500
253	6	1054.167	182.333
254	34	1958.912	184
255	10	17.500	184
256	24	546.667	187.417
257	48	621.396	188.688
258	36	782.972	187.917
259	26	1077.769	187.038
260	24	1111.583	186.833
261	14	96.857	188.071
262	40	1235.900	191.600
263	27	153.981	192.981
264	24	998.458	193.583
265	18	1530.944	193.167
266	35	697.557	195.386
267	40	753.475	195.400
268	20	364.300	197.350
269	33	95.470	199.803
270	28	509.679	199.286
271	6	802.500	197.667
272	31	1823.468	200.048
273	17	1278.500	200.912
274	33	561.227	203.621
275	13	2046.423	202.192
276	42	1197.952	205.405
277	39	335.705	206.705
278	33	1384.742	210.106
279	19	710.816	211.026
280	26	415.423	212.308
281	27	212.389	213.389
282	4	456.500	211.750
283	35	933.214	213.157
284	29	1154.224	212.741
285	27	1736.019	215.130
286	30	225.800	216.100
287	45	1650.567	216.878
288	27	2016.093	215.907
289	4	880.250	215.500
290	18	1518.556	216.722
291	16	1980.938	215.875
292	26	2027.423	217.346
293	9	703.833	218.167
294	11	1551.318	218.227
295	30	58.300	221
296	39	178.731	221.910
297	14	247.643	220.071
298	20	293.750	220.750
299	29	1926.431	221.052
300	23	1537.587	221.717
301	46	837.478	224.022
302	4	1797	221
303	36	979.972	225.250
304	23	604.283	226.457
305	27	1501.204	225.981
306	12	1864.583	224.750
307	28	1307.393	226.893
308	35	1342.786	227.329
309	11	2041.864	227.227
310	33	411.167	229.167
311	16	335.812	229.812
312	8	1820.375	228.875
313	37	1084.338	231.878
314	4	1136.250	229.500
315	45	1599.611	231.856
316	47	486.457	232.713
317	4	720	230.500
318	11	294.773	232.227
319	19	776.132	232.289
320	30	1655.667	233.267
321	29	275.155	234.672
322	4	941.500	233
323	10	1775.500	234
324	8	540.625	235.250
325	33	573.773	237.318
326	24	137.167	238.625
327	53	1446.972	241.142
328	39	1834.346	241.603
329	35	1147.014	241.043
330	12	558.083	244.250
331	35	1050.786	245.471
332	22	1784.045	245.136
333	10	756.900	244.700
334	28	773.964	245.821
335	37	1763.824	247.149
336	13	1891.885	244.885
337	27	413.204	247.722
338	36	1935.194	250.083
339	26	35	250.538
340	16	168.438	249.562
341	28	1283.786	250.536
342	16	1380.562	249.812
343	16	1133.125	251.750
344	9	81.389	253.056
345	31	1705.242	254.855
346	4	932	253.500
347	38	1314.526	255.500
348	27	1539.019	257.685
349	28	152.964	257.929
350	37	645.473	261.581
351	41	94.110	262.720
352	14	2042.429	261.429
353	29	48.190	263.500
354	27	245.389	264.019
355	8	508.375	262.625
356	32	320.312	265.625
357	7	393.929	263.357
358	25	1297.060	265.100
359	38	1245.342	266.763
360	28	289.857	267.786
361	38	865.895	267.895
362	35	1016.729	268.357
363	38	706.632	271.158
364	39	1404.936	272.321
365	28	2040.929	271.179
366	45	368.500	273.100
367	37	1598.176	272.446
368	6	8.833	271
369	8	964.250	271.875
370	6	1848.333	271.833
371	5	420.100	272.300
372	31	577.435	274.500
373	46	1511.522	275.739
374	11	1894.591	273.864
375	17	1144.912	275.382
376	27	1909.574	276.722
377	29	936.121	277.569
378	11	779.500	277.227
379	26	1062.846	277.962
380	28	816.429	279.036
381	22	874.273	279.818
382	36	260.917	281.833
383	26	734.115	282.346
384	28	1333.179	283.321
385	22	827.682	285
386	26	958.885	285.308
387	27	1827.981	285.426
388	42	1977.095	286.286
389	4	1885	284
390	37	2008.527	286.122
391	8	1029	286.375
392	39	1154.038	287.859
393	31	1746.694	287.629
394	4	22.250	286.250
395	10	571.300	289
396	31	1053.984	291.113
397	29	1612.086	291.672
398	31	1721.016	292.403
399	36	397.528	293.500
400	33	746.924	293.591
401	28	1228.750	293
402	33	78.682	295.106
403	21	642.500	294.833
404	36	656.306	295.583
405	34	1751.235	296.794
406	25	1250.540	297.100
407	32	456.312	297.781
408	18	181	299.500
409	6	264.333	298.333
410	24	1058.417	299.583
411	8	1328	298.375
412	30	1659.267	302.867
413	25	1602.100	303.060
414	26	706.154	304.192
415	23	472.152	305.022
416	28	970	305.679
417	36	518.750	308
418	25	608.980	307.260
419	23	310.457	307.891
420	13	2028.500	306.885
421	24	241.333	308.708
422	38	1400.053	310.316
423	19	639.342	311.921
424	31	1246.855	312.661
425	33	1556.045	312.258
426	25	1686.740	311.940
427	19	807.868	312.289
428	29	866.328	313.914
429	16	998.062	314.375
430	31	121.855	316.048
431	11	1225.773	315.227
432	35	1879.614	316.214
433	17	594.500	316.735
434	5	1361.700	315.100
435	27	1479.944	317.093
436	30	1727.100	318.467
437	34	1825.971	318.088
438	29	316.776	319.293
439	6	1116.333	318.333
440	29	1187.638	320.121
441	24	1963.583	319.667
442	18	147.278	321.444
443	6	716.500	321
444	16	883.125	321.500
445	39	906.038	324.577
446	6	1813.167	323.333
447	38	179.684	326.947
448	19	671.342	325.868
449	20	1414.550	325.650
450	12	236	326.167
451	31	357.081	328.081
452	37	1634.635	327.986
453	30	47.033	330.700
454	16	964.375	329.562
455	20	1165.350	331.200
456	13	482.885	331.577
457	21	978.167	331.357
458	27	1294.611	332.204
459	26	1547.077	332.192
460	28	1462.071	334.607
461	24	270.750	335.375
462	37	543.662	335.797
463	34	779.971	335.441
464	20	1335.750	334.300
465	38	1099.842	336.842
466	36	2025.056	336.306
467	7	345.071	337.071
468	28	1268.036	337.857
469	19	1327.605	337.500
470	42	224.595	340.762
471	20	84.050	340.950
472	5	1105.700	340.900
473	24	1162.875	341.792
474	5	269.700	342.100
475	26	782.846	344.038
476	31	102.500	345.726
477	21	1985.500	344.500
478	10	988.500	345
479	17	1033.794	346.147
480	29	454.328	347.983
481	32	1682.469	348.219
482	55	6.609	350.009
483	32	1397.688	349.500
484	36	1453.778	351.083
485	25	1051.140	351.380
486	11	1525.318	349.591
487	34	1953.147	351.500
488	18	817.444	352.889
489	27	491.278	353.685
490	28	613.536	353.929
491	25	1779.540	353.860
492	40	1595.350	355.575
493	13	888.500	354.885
494	26	1767.500	356
495	16	143.812	356.375
496	13	342.115	356.885
497	26	447.692	357.731
498	7	1133.786	356.643
499	11	836.045	357.864
500	4	1929.500	357.250
501	37	1202.149	361.662
502	34	1363.500	361.353
503	27	908.241	361.907
504	31	390.113	363.081
505	24	783.250	363.792
506	30	1548.367	365.200
507	4	1734.500	363
508	44	1819	365.591
509	17	1424.971	365.618
510	36	665.361	367.139
511	16	1175.750	366.562
512	23	1668.804	367.587
513	11	1830.682	368.045
514	41	39.110	370.915
515	37	1320.905	370.311
516	7	349.357	369.786
517	34	192.529	373.294
518	27	523.759	372.130
519	12	1646	370.500
520	9	518.389	373.389
521	39	108.449	375.756
522	36	477.028	375.444
523	19	1475.974	374.658
524	4	1458	374.250
525	8	1737.375	374.625
526	33	1880.924	376.652
527	18	1850.167	376.222
528	39	343.756	378.372
529	27	1435.685	379.574
530	27	866.537	380.352
531	37	929.770	380.986
532	27	760.611	381.759
533	25	1042.780	381.020
534	39	577.577	382.397
535	37	1926.959	383.284
536	11	35.864	382.045
537	22	556.136	383.318
538	38	637.421	383.316
539	10	1152.900	386.500
540	39	1284.295	388.397
541	20	1485	386.650
542	39	245.397	388.885
543	28	842.357	389.857
544	22	2046.273	389.318
545	6	666.667	388.333
546	32	1098.188	391.500
547	35	1080.271	394.186
548	15	1573.300	395.433
549	29	1181.190	397.569
550	6	1210.667	396.667
551	7	1857.500	396.500
552	18	258.222	398.444
553	36	439.611	399.528
554	30	1131.867	400.267
555	6	919.667	398.667
556	30	1514.400	401.800
557	29	1629.810	402.431
558	36	1607.500	403.778
559	27	1690.241	403.056
560	12	2015	401.833
561	4	1487.250	402.500
562	21	1674.024	403.881
563	5	1971.100	402.300
564	20	131.400	405.350
565	39	1362.474	405.910
566	27	1801.167	405.130
567	14	756.429	404.786
568	21	2038.976	406.119
569	39	284.833	407.910
570	8	739.500	406
571	34	1189.588	407.412
572	41	177.305	409.451
573	30	465.233	408.333
574	16	125.625	408.812
575	30	995.500	410.433
576	33	1823.076	409.924
577	29	541.362	411.603
578	40	967.500	411.700
579	19	1305.921	411.447
580	29	1962.052	412.914
581	38	589.500	414.921
582	31	1380.597	414.500
583	11	1416.318	412.773
584	25	628.780	415.260
585	27	869.278	416.574
586	24	903.458	416.958
587	34	848.029	419.441
588	11	759.136	419.227
589	35	418.157	421.871
590	38	1057.053	421.921
591	49	86.500	423.561
592	32	1229.906	422.156
593	23	829.065	422.457
594	36	1908.278	423.250
595	14	797.214	423
596	13	1377.115	423.269
597	9	1560.833	423.389
598	41	362.232	425.524
599	9	1095.500	424.833
600	33	1567.045	429.197
601	23	651.500	429.500
602	35	2036.586	431.071
603	4	1194.500	428.750
604	21	209.833	431.976
605	28	689.857	431.964
606	33	732.561	432.409
607	18	915.389	431.778
608	28	1920.857	433.893
609	26	1739.500	434.538
610	23	1788.848	436.630
611	32	1462.062	439.531
612	20	1282.550	440.200
613	36	963.278	442.472
614	28	1714.786	441.286
615	42	127.952	444.738
616	20	550.400	443
617	23	1653.543	443.891
618	25	1629.260	444.620
619	26	634.808	445.846
620	29	1437.328	447.224
621	33	1019.591	448.227
622	20	763.400	450.400
623	7	1674.500	448.786
624	27	355.870	450.796
625	44	1514.568	452.432
626	32	24.281	452.125
627	27	833.056	452.352
628	14	1282.143	451.071
629	20	1373.700	452.050
630	28	1576.679	454.143
631	8	1807.250	454.500
632	33	1826.773	456.318
633	6	1120.833	456.500
634	34	1301.088	462.412
635	40	282.675	463.750
636	34	724.529	463.382
637	28	997.679	462.821
638	35	1867.043	463.414
639	44	254.455	466.159
640	5	473.900	463.300
641	36	750.583	465.333
642	29	1236.328	465.121
643	16	1492	464.438
644	14	2046.643	465
645	30	1474.033	466.533
646	24	1710	467.583
647	27	1438.574	468.278
648	8	1614.375	466.375
649	34	1958.382	469.618
650	32	680.688	469.594
651	6	1588.333	468.333
652	18	1756.833	471.333
653	23	638.413	472.891
654	28	787.250	473.357
655	39	1090.013	473.628
656	36	1605.750	473.556
657	35	209.043	474.586
658	18	887.889	473.111
659	14	1337.500	474.571
660	37	483.365	476.743
661	41	1278.451	476.500
662	27	1784.574	476.463
663	26	2018.192	476
664	33	2037.167	476.652
665	31	849.855	478.919
666	38	544.553	479.421
667	35	1402.757	479.214
668	53	390.632	482.481
669	6	827.833	479.167
670	27	207.278	482.537
671	35	139.700	483.529
672	47	28.840	485.734
673	19	1032.921	484.921
674	16	1942.625	484.188
675	17	1977.265	485.500
676	43	976.663	489.128
677	6	1142.667	486.667
678	17	726.088	488.382
679	33	1697.348	489.136
680	24	1138	489.750
681	41	1183.402	491.037
682	32	1736.781	490.344
683	14	1966.929	489.786
684	26	1234.923	490.923
685	37	1362.878	491.284
686	9	1690.056	491.833
687	42	1220.286	494.929
688	22	1282.909	493.909
689	6	914.167	493.500
690	28	325	495.821
691	44	588.295	497.795
692	22	654.500	497.409
693	17	840.971	497.618
694	9	1547.056	496.833
695	38	1827.316	498.842
696	22	1504.591	498.591
697	27	1996.389	501.759
698	4	2033.750	499.500
699	14	199.429	502.786
700	13	153.962	503.346
701	38	1056.026	504.947
702	18	1342.278	503.556
703	11	292.045	504.136
704	5	2026.300	502.900
705	20	791.350	506.250
706	8	1387.875	504.500
707	30	513.333	508.333
708	49	910.745	509.235
709	5	450.500	508.900
710	33	814.076	510.076
711	31	1570.790	510.855
712	40	1901.025	512.175
713	29	1761.086	512.121
714	14	1948.071	511.857
715	42	1094.429	515.643
716	33	1674.227	515.742
717	16	546.062	516.375
718	40	125.350	518.525
719	45	308.944	519.300
720	27	1948.130	518.426
721	16	1601	518.438
722	12	1225.833	518.583
723	5	194.100	519.300
724	18	1113	520.611
725	26	1296.500	520.654
726	23	409.761	522.326
727	11	1922.318	521.318
728	32	603.656	523.062
729	28	727.857	523.821
730	7	1161.071	522.071
731	11	1273.318	521.591
732	44	443.545	526.136
733	4	1497.750	524.750
734	4	58	526
735	7	1329.500	527.214
736	31	1689.016	528.984
737	9	542.944	529.389
738	23	902.239	529.674
739	28	867.643	531.500
740	5	1239.700	529.100
741	14	235.286	531.571
742	22	1592.909	533.318
743	38	1799.316	534.447
744	40	657	534.475
745	28	1380.786	533.964
746	39	1872.295	536.141
747	19	358.868	536.868
748	41	268.890	538.500
749	8	733.375	536.875
750	35	813.386	538.929
751	45	1430.856	539.278
752	41	1482.915	539.280
753	34	992.029	539.206
754	19	166.395	539.868
755	7	1542.214	539.500
756	32	380.031	541.906
757	4	37.500	541
758	17	1600.500	543.735
759	18	234.778	545.444
760	37	940.932	546.554
761	24	1203.333	545.458
762	34	165.147	547.382
763	8	1765.500	546.625
764	7	1821.786	547.071
765	30	58.467	549.500
766	5	799.700	547.100
767	27	862.759	550.611
768	30	417.133	550.767
769	8	1122	551.750
770	33	1164.955	553.227
771	46	527.761	554.826
772	10	1774.600	553
773	37	1900.014	555.824
774	21	245.500	556.500
775	11	187.864	557.045
776	23	1255.413	558.500
777	23	1629.630	559.283
778	38	38.474	563.421
779	11	706.045	562.136
780	37	1025.149	563.824
781	20	1595.600	563.150
782	41	1315.817	565.305
783	23	623.152	565.761
784	33	1055.652	566.621
785	36	1508.722	567.889
786	22	1565.591	566.636
787	22	1354.545	567.227
788	42	1971.643	568.738
789	28	438.607	568.714
790	41	1108.037	571.012
791	11	318.136	570.045
792	19	1387.553	570.658
793	25	1764.300	570.660
794	8	807	570.500
795	15	1227.367	571.967
796	20	1844.650	571.850
797	34	742.441	574.676
798	12	2018.583	572.917
799	6	2030.500	573.333
800	23	1676.717	575.413
801	5	761.300	575.300
802	11	1085.409	575.864
803	5	1312.500	575.500
804	18	1333.944	576.667
805	28	493.143	577.857
806	44	604.227	578.795
807	32	1660.125	579.469
808	4	571.250	578.250
809	31	227.919	581.952
810	32	484.875	582.312
811	52	1405.846	584.462
812	17	677.324	583.912
813	30	1476.833	584.200
814	4	1903.500	581.750
815	26	145.115	585.154
816	10	492.100	584.100
817	29	1042.500	586.224
818	44	311.432	588.023
819	21	432.262	586.214
820	33	944.348	588.318
821	28	1543.607	586.857
822	31	2013.919	587.081
823	39	118.756	588.474
824	17	1223.794	587.676
825	15	1728.833	588.300
826	28	588.321	589.929
827	11	1196.500	588.955
828	12	1906.250	589.333
829	17	984.382	589.912
830	37	1253.446	591.635
831	34	879.059	593.235
832	27	1780.241	593.944
833	34	107.029	595.206
834	24	726.792	595.542
835	18	1510.611	594.444
836	18	250.222	597.056
837	12	614.167	595.750
838	11	1332.318	596.318
839	42	1616.571	598.333
840	51	1273.853	599.696
841	25	399.220	599.100
842	4	1798	597
843	33	353.076	600.288
844	6	1119.500	598.333
845	24	890.083	601
846	11	1494.318	601.227
847	21	527.690	602.976
848	15	1444.367	602.033
849	23	755.761	605.413
850	27	846.315	605.315
851	4	1291	603.750
852	30	212	605.900
853	40	1742.675	606.975
854	31	685.952	608.145
855	26	826.462	607.808
856	34	1691.853	608.441
857	24	1314.625	609.708
858	16	421.750	609.688
859	37	1006.176	610.689
860	41	1912.183	610.720
861	12	1878.833	610.417
862	22	728.955	612.273
863	10	1599.900	612.800
864	4	156.500	613
865	11270	1306.922	737.222
866	16	1190.938	615.375
867	32	455.750	617.438
868	37	1177.176	618.419
869	15	815.033	617.367
870	13	1111.038	617.346
871	35	931.757	619.414
872	16	592	619
873	6	859.833	619.667
874	25	1499.420	620.860
875	34	744.176	623
876	20	1439.950	621.650
877	38	1839.763	622.921
878	14	445.214	623
879	16	1006.438	624
880	23	1119.413	623.717
881	4	1274	621.750
882	39	1775.962	625.090
883	31	629.984	626.887
884	6	1533.667	624.333
885	28	1482.571	627.429
886	10	1721.900	626.200
887	27	2020.093	626.759
888	30	414.567	627.833
889	48	1363.667	629.917
890	6	1271.833	628.667
891	19	1557.816	628.237
892	22	443.727	630.364
893	22	1460.409	630
894	23	2032.239	629.674
895	6	485.333	629.833
896	4	1655	629
897	38	339.026	632.632
898	15	1729.367	630.967
899	27	173.648	633.907
900	20	215.500	632.600
901	14	599	633.214
902	13	1157.038	635.577
903	4	1815.750	634.750
904	23	1980.500	636.326
905	44	1686.727	637.932
906	34	1847.676	637.235
907	8	1130.750	637
908	39	895.577	639.756
909	30	1106.967	639.733
910	37	1580.554	639.365
911	38	1028.316	641.132
912	9	573.500	641.500
913	13	1311.731	644.269
914	41	848.183	644.695
915	21	1077.548	644.262
916	22	253.818	644.955
917	48	1222.104	646.229
918	23	158.326	645.891
919	18	1056.889	645.167
920	31	125.177	647.661
921	31	589.565	647.661
922	32	658.281	647.781
923	12	748.500	647.500
924	18	1608	647.333
925	30	499.733	649.300
926	5	1326.500	648.300
927	33	214.833	649.985
928	6	1316.667	648.500
929	30	424.200	652.300
930	44	536.364	653.091
931	15	102.300	651.833
932	25	184.460	653.100
933	7	884.071	651.214
934	33	63.015	654.682
935	7	1324.643	653.357
936	5	1316.900	655.500
937	6	1338.667	655.167
938	8	613.250	655.750
939	7	1354.500	655.929
940	32	1408.375	657.594
941	50	1325.880	663.420
942	9	1553.056	656.944
943	33	693.227	659.530
944	9	1331.167	658.611
945	4	1343	656.750
946	4	1347.500	657.750
947	14	762.429	659.500
948	4	1336.250	658.750
949	23	734.152	660.717
950	28	1955.679	661.500
951	27	1317.019	663.833
952	4	1344	660.750
953	5	1366.900	660.300
954	5	1392.500	660.700
955	9	261.056	661.833
956	4	1321.250	661
957	5	1353.100	661.300
958	5	1335.300	662.900
959	6	1339.500	663.333
960	25	1699.580	664.020
961	34	2000.647	664.441
962	50	284.960	665.960
963	20	1022.700	664.550
964	17	622.618	665.324
965	12	1347.167	665.250
966	91	1362.907	669.390
967	30	921.533	667.900
968	32	351.312	668.875
969	6	1393.667	666.500
970	14	1873.571	667.143
971	80	1413.012	672.125
972	35	64.214	670.357
973	5	1142.100	668.700
974	41	1321.451	673.012
975	4	1390	669
976	33	1542.833	670.409
977	4	1310.500	669
978	4	1402	669.500
979	34	969.853	672.353
980	4	1354.750	671.250
981	4	1374.750	671
982	19	1916.342	672.658
983	6	1115.667	673.167
984	6	1128	672.667
985	14	1384.786	674.286
986	34	1901.765	674.147
987	41	1081.866	675.841
988	4	1140	673
989	4	1334.250	673.250
990	46	1473.174	676.739
991	5	1160.300	674.700
992	6	1169	675.167
993	4	1195.500	675
994	4	1348.500	675
995	4	1373	674.250
996	5	1165.100	676.500
997	13	1499.962	675.654
998	24	16.417	677.542
999	12	1132.750	676.750
1000	4	1148.500	676
1001	7	1157.357	676.929
1002	10	1187.200	678.100
1003	31	1392.758	678.565
1004	32	1652.188	678.656
1005	20	379.450	678.400
1006	8	1222.250	677.875
1007	8	1318.250	677.500
1008	4	1208.750	679
1009	4	1334.750	678.500
1010	5	1124.500	680.100
1011	5	1172.100	679.500
1012	29	1184.259	683.845
1013	4	1375.250	679.500
1014	14	883.429	681.357
1015	5	1130.700	680.700
1016	9	1138.944	681.389
1017	183	1180.096	690.391
1018	15	1192.900	681.300
1019	4	1214	680
1020	36	851.056	683.722
1021	19	1148.132	683.342
1022	4	1155	680.750
1023	58	1162.672	685.966
1024	70	1205.329	692.757
1025	6	1335.833	681.667
1026	17	1623.206	682.676
1027	20	1809.500	683.750
1028	16	735.625	683.312
1029	33	1848.167	684.742
1030	14	563.429	683.786
1031	40	135.600	686.975
1032	9	929.611	684.500
1033	40	1143.100	690
1034	7	1257.929	685.929
1035	47	642.819	689.138
1036	5	1209.500	686.900
1037	27	144.056	689.315
1038	9	1151.500	689.500
1039	7	1185.214	687.643
1040	26	1319.077	688.615
1041	52	4.673	690.827
1042	31	353.081	690.210
1043	5	1262.700	687.900
1044	43	561.360	691.802
1045	35	706.843	691.900
1046	8	1664.125	690
1047	7	1209.643	690.357
1048	6	1265.167	691.667
1049	17	790.441	692.382
1050	7	971.500	691.643
1051	30	1791.867	692.967
1052	4	1197.250	692.250
1053	110	1243.745	700.109
1054	4	1160.500	694.500
1055	8	1166.375	696.250
1056	20	244.300	697.400
1057	4	1256.500	695
1058	5	1477.500	695.500
1059	34	1970.353	698
1060	6	1186.167	696.833
1061	4	1198	696.500
1062	16	1576.500	697
1063	27	225.019	698.611
1064	8	1212	698.625
1065	28	1735.964	699.179
1066	19	1763.447	699.026
1067	32	866.938	700.281
1068	4	1190.500	698.250
1069	6	1194	699.167
1070	4	2000.250	698.250
1071	5	1183.700	701.500
1072	6	1199	700.500
1073	33	1627.015	702.379
1074	21	1871.929	701.595
1075	34	2024.206	702.500
1076	16	1401.125	702.562
1077	38	77.842	704.474
1078	31	1080.210	704.403
1079	4	1203.250	703
1080	10	1250.800	706.500
1081	4	1237.500	706
1082	5	446.700	706.300
1083	34	774.588	708.529
1084	46	1396.043	709.239
1085	23	1694.717	707.413
1086	25	464.060	708.340
1087	6	1949.167	707.833
1088	36	48.833	710.694
1089	29	955.397	710.603
1090	5	505.500	709.500
1091	25	477.540	712.820
1092	6	1054.500	711
1093	6	1250.333	711.667
1094	25	1777.900	713.300
1095	18	1244.500	715.333
1096	35	1018.357	717.414
1097	36	1172.583	717.806
1098	31	370.177	718.306
1099	41	663.037	718.622
1100	8	173.375	717.375
1101	39	280.756	719.808
1102	4	331.750	717.500
1103	17	351.912	718.382
1104	25	1855.140	720.540
1105	28	770.036	721.929
1106	29	1486.914	722.052
1107	20	1941.400	722.600
1108	28	1349.536	724.679
1109	28	967.714	725
1110	34	1518.912	726.353
1111	5	1356.300	726.300
1112	29	1072.810	728.879
1113	32	1734.812	728.375
1114	17	558.088	729.324
1115	13	950.731	729.038
1116	7	1012.643	728.357
1117	25	1477.380	729.780
1118	32	489.500	733.750
1119	4	1353.750	731.500
1120	15	1585.033	732.367
1121	27	835.685	734.056
1122	12	1536.417	733.833
1123	34	1812.794	735.941
1124	4	242.500	734.250
1125	12	392.917	735
1126	28	932.643	736.643
1127	32	740.031	740.031
1128	9	1881.389	739.056
1129	39	400.423	741.474
1130	29	803.569	742.603
1131	27	1701.722	741.574
1132	17	1951.088	742.618
1133	31	607.371	744.565
1134	8	989.750	742.750
1135	39	1166.064	744.500
1136	42	1608.714	744.429
1137	20	3.100	743.700
1138	7	106.643	743.786
1139	39	1657.346	745.321
1140	22	1995.409	744.864
1141	28	2018	745.536
1142	5	1227.700	744.900
1143	17	1142.382	746.088
1144	11	1261.682	746.864
1145	13	2037.346	746.038
1146	31	150.565	748.371
1147	11	173.864	748.136
1148	29	912.397	749.190
1149	8	1351.625	747.500
1150	37	560.446	751.365
1151	6	1226.833	749.500
1152	4	1343.500	748
1153	9	1222.278	751.278
1154	16	1474.250	749.875
1155	34	987.294	752.441
1156	4	1361.500	751.500
1157	35	2.929	754.643
1158	29	879.259	754.431
1159	32	1517.906	754.281
1160	40	1935.100	754.400
1161	12	1277.833	754.417
1162	11	1372.591	756.500
1163	10	1367.900	755.700
1164	29	752.948	757.983
1165	37	193.365	759.743
1166	17	644.088	758.794
1167	37	353.581	761.014
1168	11	299.136	760.045
1169	28	801.714	760.964
1170	49	1093.439	762.194
1171	4	2016.500	760.500
1172	30	76.900	763.333
1173	25	1194.780	762.780
1174	37	411.284	766.392
1175	47	1255.309	768.713
1176	12	1373.583	766.417
1177	22	311.591	767.591
1178	17	280.147	768.441
1179	9	1212.500	768.389
1180	31	1851.048	769.597
1181	19	1964.711	769.447
1182	5	1236.300	769.500
1183	10	1241.400	769.500
1184	47	473.521	771.649
1185	30	1301.700	771.533
1186	28	1446.143	770.643
1187	417	1240.905	787.423
1188	4	1218	773
1189	4	1246	771.750
1190	37	1777.257	774.446
1191	20	892.150	775.650
1192	5	902.500	773.500
1193	29	1147.052	775.741
1194	4	1224.750	773.250
1195	13	208.962	775.423
1196	32	1593.469	776.469
1197	24	2036.417	775.792
1198	22	244.182	776.318
1199	9	1214.389	775.944
1200	7	1249.071	775.071
1201	23	585.065	778.109
1202	15	1496.300	779.900
1203	22	1798.955	779.545
1204	27	1118.019	780.759
1205	5	1179.900	779.300
1206	37	1464.959	781.851
1207	33	1619.106	780.985
1208	28	1732.464	782.071
1209	7	1286.214	781.071
1210	14	741.286	782.714
1211	16	1515.312	784.125
1212	28	454.857	785.857
1213	27	1310.537	785.907
1214	31	55.113	787.855
1215	36	860.972	789.139
1216	16	904.875	788
1217	19	2014.026	789.237
1218	6	1256	790.833
1219	5	1258.900	790.500
1220	8	1556.375	789.875
1221	21	96.786	791.881
1222	44	272.477	792.886
1223	5	1373.500	789.900
1224	37	1574.986	792.797
1225	42	951.262	793.833
1226	10	1550.500	792.900
1227	18	477.278	793.389
1228	32	700	794.906
1229	5	1310.500	792.500
1230	13	1538.731	793.654
1231	37	18.095	795.500
1232	10	846.800	794.100
1233	34	176.676	797.059
1234	12	1596.917	796.583
1235	18	1943.833	796.333
1236	24	413.625	798.167
1237	33	596.712	798.561
1238	8	1354.625	799.125
1239	4	1462.500	797
1240	26	1693.923	798.654
1241	9	644.944	798.944
1242	16	1286.625	802.625
1243	40	1979.100	805.275
1244	8	1357.250	804.750
1245	47	308.883	807.223
1246	9	1350.611	805.833
1247	37	136.176	807.689
1248	22	774.818	807.227
1249	4	1708.500	805.250
1250	23	1220.978	808.413
1251	27	1042.167	808.944
1252	22	1212.545	809.545
1253	17	557.441	809.265
1254	27	744.056	809.981
1255	7	1361.071	810.500
1256	31	981.435	811.403
1257	9	333.944	810.833
1258	33	1430.258	812.500
1259	18	1803.444	811.222
1260	17	515.500	813.088
1261	9	1013.389	811.833
1262	79	1364.399	815.563
1263	10	249.700	812.500
1264	34	634.147	814.265
1265	22	659.636	813.818
1266	20	98.750	815.800
1267	13	483.731	815.731
1268	36	579.944	816.389
1269	16	1756.375	815.562
1270	15	1817.500	815.300
1271	17	1883.382	815.147
1272	11	1084.045	816.136
1273	34	1860.382	818.029
1274	47	1107.585	819.585
1275	47	1162.309	820.947
1276	36	362.111	820.139
1277	11	1634.591	820.409
1278	37	1662.689	821.635
1279	23	1918.196	821.109
1280	41	211.451	822.695
1281	15	297.967	821.633
1282	27	56.389	824.056
1283	11	250.955	823.318
1284	14	727.714	826.214
1285	29	1778.569	827.121
1286	27	2023.537	826.648
1287	6	1364.500	826.667
1288	30	1404.267	828.833
1289	28	114.179	829
1290	30	690.367	828.900
1291	36	1118.639	831.278
1292	33	1506.470	830.136
1293	21	393.786	830.690
1294	18	476.944	830.611
1295	27	506.093	831.130
1296	32	1158.156	832.969
1297	4	1184	830.500
1298	11	1198.045	830.864
1299	22	2007.955	831.591
1300	9	73.833	831.278
1301	5	224.300	831.100
1302	4	1411.500	832.250
1303	12	755.500	833.750
1304	5	1171.700	832.900
1305	7	1176.071	834.214
1306	32	1824.344	835.156
1307	4	1193.750	834.750
1308	4	1363	834.500
1309	35	1684.700	837.929
1310	29	1478.948	838.397
1311	28	1727.429	837.964
1312	22	702	839.545
1313	42	803.429	840.738
1314	4	1208.750	837.500
1315	30	968.500	840.167
1316	9	1192.167	839.611
1317	4	1199.500	839
1318	27	1740.389	841.759
1319	5	355.300	841.100
1320	4	1172.250	841
1321	35	1201.443	844.557
1322	35	1535.843	843.329
1323	37	270.716	844.608
1324	6	1218.500	842.167
1325	4	1364.500	842.250
1326	26	1024	846.077
1327	24	439.292	847.792
1328	35	1642.071	848.157
1329	28	859.607	848.179
1330	14	907.786	849
1331	51	1249.853	851.324
1332	14	2030.786	850.286
1333	16	102.500	851
1334	32	375.406	852.750
1335	19	612.816	852.237
1336	41	758.744	853.427
1337	4	1195	851
1338	31	1010.016	853.758
1339	27	929.426	854.907
1340	21	54.405	855.690
1341	39	144.577	856.654
1342	20	40.250	857.650
1343	24	535.833	857.875
1344	39	1875.782	858.526
1345	33	314.470	859.712
1346	39	639.372	859.679
1347	47	1478.564	861.053
1348	31	1536.565	859.984
1349	21	1167.548	860.167
1350	7	1606.786	859.500
1351	20	1949.050	860.600
1352	20	195.550	861.950
1353	30	511.767	864.200
1354	26	1820.385	864.654
1355	42	1213.452	865.429
1356	32	1300.812	867.688
1357	22	2038.318	865.318
1358	27	883.130	868.093
1359	34	159.118	868.500
1360	40	1404.175	869.675
1361	9	838.611	869.833
1362	36	474.250	873.139
1363	26	931.692	872.808
1364	25	1088.260	872.300
1365	29	1104.810	873.466
1366	52	81.962	875.250
1367	20	983.850	874.150
1368	11	946.955	874.136
1369	38	1197.158	876.868
1370	31	565.597	876.823
1371	37	1743.284	878.986
1372	24	1772.500	878.208
1373	21	352.500	878.500
1374	20	512.550	881.050
1375	7	1349.786	880.214
1376	38	1940.105	882.368
1377	13	586.500	882.577
1378	22	493.409	883.591
1379	5	885.500	882.100
1380	4	251	883.500
1381	22	1051.591	884.636
1382	8	678.375	885
1383	5	26.100	885.300
1384	4	201	885
1385	23	1378.978	887.022
1386	36	1972.833	887.667
1387	19	319.132	887.711
1388	8	1175.625	887.375
1389	30	1000.333	890.367
1390	17	1819.029	889.676
1391	34	592.647	890.882
1392	35	1620.957	891.729
1393	28	1066.750	892.714
1394	21	1089.595	891.595
1395	22	332.500	892.864
1396	30	718.333	894.433
1397	10	1154.600	893.300
1398	13	1424.731	892.885
1399	33	224.894	896.015
1400	35	1337.214	897.757
1401	34	1298.853	900.059
1402	26	1808.654	899.038
1403	42	682.952	900.952
1404	33	898.227	902.470
1405	13	362.038	903.115
1406	20	494.250	904.750
1407	26	1027.577	906.192
1408	22	654.591	907.409
1409	4	441	907
1410	21	1051.500	909.119
1411	37	778.284	911.905
1412	34	1157.853	912.029
1413	31	2030.113	912.210
1414	13	76.654	911.962
1415	19	1417.026	912.921
1416	33	1593.833	913.985
1417	25	1573.260	913.300
1418	28	1683	913.714
1419	39	1848.115	914.910
1420	28	970.500	915.036
1421	15	805.100	915.100
1422	15	191.767	916.833
1423	4	374	915.750
1424	12	163.417	916.833
1425	25	894.140	919.500
1426	31	1238.565	919.597
1427	14	1423.714	918.714
1428	31	1873.210	920.629
1429	38	1541.632	921.605
1430	35	180.671	922.986
1431	43	430.360	923.105
1432	5	615.100	920.700
1433	37	871.878	923.635
1434	31	1961.339	923.048
1435	23	1989.326	922.587
1436	14	1042.071	923.286
1437	11	1168.136	923.045
1438	40	1207.275	924.775
1439	33	1734.833	924.167
1440	28	1450.036	925.286
1441	47	1621.904	926.670
1442	9	1301.389	925.611
1443	13	1403.346	926.731
1444	34	113.118	930.676
1445	47	1487.670	932.117
1446	17	1649.265	930.441
1447	25	1742.660	931.180
1448	15	1627.900	932.100
1449	5	1705.700	930.900
1450	46	379.217	935.043
1451	33	741.712	937.470
1452	28	665.643	938.286
1453	32	1096	940.250
1454	41	61.085	942.573
1455	42	301.357	943.976
1456	18	1385.778	942.444
1457	24	1231.375	943.833
1458	40	1276.575	944.675
1459	40	639.975	946.200
1460	29	846.534	946.086
1461	29	896.017	945.224
1462	19	1373.132	946.026
1463	19	1458.763	946.342
1464	5	1526.500	945.700
1465	41	1880.671	949.256
1466	27	257.796	949.759
1467	14	1697.643	948.571
1468	24	768.542	950.375
1469	41	963.671	951.671
1470	23	2014.674	950.630
1471	16	1505.938	951.062
1472	39	496.731	953.295
1473	5	98.900	952.700
1474	36	1817.750	954.222
1475	6	723.833	953.333
1476	33	1960.470	955.258
1477	7	209.214	954.500
1478	7	1139.214	954.500
1479	33	1713.167	956.803
1480	25	303.700	959.140
1481	30	822.267	959.233
1482	4	1100.250	957.250
1483	37	1184.365	960.932
1484	37	791.662	962.068
1485	5	368.900	961.700
1486	18	931.444	962.222
1487	26	1003.654	962.885
1488	32	1330.688	962.781
1489	27	1522.833	964.056
1490	36	545.417	965.889
1491	17	1944.735	964.559
1492	32	740.062	966.594
1493	11	1123.591	965.682
1494	14	1134	968.500
1495	4	2047.250	967.750
1496	14	1603.286	969.714
1497	4	303.500	969
1498	23	398.761	971.239
1499	45	1840.789	973.433
1500	16	1971	971
1501	37	656.608	974.446
1502	36	227.861	975.972
1503	5	856.500	973.700
1504	32	170.875	976.656
1505	46	347.739	976.957
1506	42	568.238	976.976
1507	6	1562.833	975
1508	19	245.605	977.605
1509	36	694.972	979.361
1510	8	980.500	976.500
1511	44	1242.091	978.614
1512	37	1025.392	979.932
1513	35	1049.643	979.671
1514	40	1316.150	980.150
1515	33	1429.621	980.470
1516	38	1699.158	981.763
1517	26	1914.385	979.808
1518	29	436.707	983.190
1519	7	1734.929	982.500
1520	6	522.667	983.667
1521	20	867.450	984.700
1522	30	59.933	986.333
1523	15	193.900	985.900
1524	26	428.615	986.923
1525	5	846.700	984.900
1526	19	126.026	988.553
1527	20	1636.500	990.050
1528	30	1387.100	991.333
1529	32	1451.062	991.219
1530	14	885.929	992.286
1531	29	1156.190	994.328
1532	19	497.868	994.342
1533	24	1895.250	994.708
1534	17	859.265	995.265
1535	35	1359.100	996.471
1536	39	1763.705	996.731
1537	36	1110.583	997.722
1538	11	1208.500	995.864
1539	10	312.400	997.200
1540	31	1476.435	997.919
1541	14	47.071	998.500
1542	4	729	998
1543	7	752.214	998.357
1544	17	283.265	1000.971
1545	36	376.167	1003.111
1546	16	536.125	1002.125
1547	6	1705	1001.500
1548	30	969.900	1006
1549	5	1656.900	1004.700
1550	4	1981.250	1004.500
1551	15	619.167	1008.500
1552	37	1266.716	1009.716
1553	14	1240	1008.786
1554	19	1791.184	1009.974
1555	16	1333.562	1010.188
1556	39	696.423	1012.705
1557	15	1837.233	1012.033
1558	28	1936.321	1013.536
1559	41	796.354	1015.183
1560	41	1054.110	1015.988
1561	29	577.259	1016.500
1562	22	1167.818	1016.318
1563	46	176.087	1017.978
1564	33	1407.318	1017.318
1565	26	1547.769	1019.769
1566	25	61.260	1019.540
1567	10	1707.400	1019.200
1568	38	246.737	1022.211
1569	36	512.917	1021.611
1570	38	1736.684	1021.895
1571	24	1998	1020.583
1572	22	642.682	1022.182
1573	41	14.110	1023.500
1574	5	401.700	1021.500
1575	35	1562.243	1023.700
1576	18	42.333	1023.444
1577	8	68	1024.125
1578	17	1804.088	1024.206
1579	9	1955.167	1024.389
1580	25	614.380	1025.860
1581	7	752.786	1024.500
1582	30	1861	1026.967
1583	40	453.700	1028.575
1584	30	849.200	1028.800
1585	37	210.203	1029.500
1586	26	900.654	1029.154
1587	49	1601.153	1031.235
1588	26	101.577	1031.154
1589	42	295.524	1032.476
1590	41	349.646	1031.476
1591	27	2037.278	1030.833
1592	31	121.113	1032.016
1593	25	1829.820	1033.820
1594	7	991.643	1035.357
1595	6	1101	1036
1596	12	1140.417	1036.917
1597	20	430	1039.750
1598	33	490.348	1040.379
1599	30	1775.733	1039.967
1600	26	1362.385	1041.038
1601	4	883.250	1040
1602	29	1631.810	1042.328
1603	16	325.625	1043.438
1604	30	646.833	1044.833
1605	15	2038.300	1042.767
1606	15	45.033	1044.367
1607	32	800.938	1047.844
1608	11	1030.136	1045.955
1609	24	1046.458	1047.292
1610	31	1428.242	1047.468
1611	23	911.152	1048.370
1612	47	1666.330	1048.755
1613	32	1935.281	1048.500
1614	13	575.115	1047.731
1615	22	1493.364	1048.864
1616	35	983.643	1050.957
1617	19	1537.763	1049.763
1618	42	1962.929	1050.738
1619	16	1228	1050.312
1620	35	536.214	1052.471
1621	30	76.300	1053
1622	38	1126.105	1053.579
1623	22	883	1054.818
1624	4	1430.250	1053.500
1625	41	1390.085	1057.378
1626	27	710.944	1058.685
1627	23	1158.370	1057.326
1628	28	17.071	1059.679
1629	5	194.100	1058.300
1630	19	825.132	1059.974
1631	18	949.167	1059.500
1632	31	2024.113	1059.823
1633	31	1783.306	1061.177
1634	27	929.463	1062.796
1635	6	1259.667	1062.333
1636	26	1709.077	1068.462
1637	39	1269.244	1070.321
1638	30	1860.700	1069.300
1639	41	445.207	1070.329
1640	26	1841.962	1069.692
1641	36	635.306	1071.361
1642	22	1022.818	1070.591
1643	12	957.500	1071.917
1644	10	1392.200	1071.900
1645	41	1543.817	1075.427
1646	26	33.615	1075
1647	30	136.233	1075.067
1648	32	1306.781	1075.500
1649	14	1354.429	1075.643
1650	19	739.658	1076.342
1651	39	1478.038	1077.705
1652	23	1600.935	1076.587
1653	32	253.969	1078.031
1654	29	964.879	1077.879
1655	12	1982.917	1077.333
1656	25	1187.980	1079.460
1657	7	1765.786	1077.500
1658	18	94	1080
1659	33	201.742	1080.621
1660	29	1509.086	1080.328
1661	27	1910.241	1080.056
1662	24	1030.750	1081.292
1663	14	1659.857	1080.786
1664	24	40.417	1082.167
1665	38	1219.789	1083.974
1666	24	309.083	1083.958
1667	51	401.225	1086.990
1668	22	1750.773	1086.182
1669	29	640.328	1087.534
1670	38	879.632	1087.632
1671	24	1139.958	1088.250
1672	27	1159.056	1088.796
1673	41	778.280	1091.841
1674	35	716.357	1092.586
1675	38	69.816	1093.816
1676	35	527.500	1094.071
1677	33	2035.106	1092.985
1678	37	1638.932	1094.797
1679	6	1770.667	1093.333
1680	5	1883.500	1093.300
1681	20	143.050	1095.650
1682	23	937.717	1095.717
1683	18	1248.222	1095
1684	19	1444.711	1097.132
1685	4	187	1097
1686	29	988.672	1099.431
1687	27	1598.537	1101.537
1688	7	231.786	1101.357
1689	18	1865.389	1102.222
1690	13	609.115	1104.423
1691	43	1412.616	1105.593
1692	32	343.844	1106.062
1693	34	1731.412	1107.147
1694	37	1824.770	1106.743
1695	25	802.060	1107.260
1696	26	160.308	1108.269
1697	41	1503.622	1109.110
1698	34	2001.941	1107.941
1699	38	1930.579	1110.500
1700	20	55.650	1110.600
1701	10	691.500	1111.300
1702	19	770.605	1112.447
1703	8	1309.625	1110.625
1704	22	1457.682	1112.500
1705	12	956.833	1111.750
1706	8	472.375	1112.625
1707	32	1259.125	1115.344
1708	42	453.762	1117.381
1709	28	553.321	1116.107
1710	15	635.900	1115.433
1711	28	908.286	1117.679
1712	32	1288.750	1118.469
1713	25	1641.940	1118.180
1714	22	1844.591	1117.273
1715	22	1147.091	1118.864
1716	4	367.500	1118.500
1717	34	615.676	1120.382
1718	13	690.885	1120.346
1719	23	1009.239	1120.630
1720	37	1122.635	1122.122
1721	20	117.200	1121.600
1722	32	263.875	1124.625
1723	11	302.318	1122.955
1724	12	523	1126.167
1725	42	1038.095	1128.190
1726	44	292.045	1130.568
1727	32	2037.438	1129.594
1728	23	877.935	1130.630
1729	20	1117.500	1130.550
1730	34	191.971	1133
1731	26	867.615	1132.038
1732	47	1202.500	1133.266
1733	37	1567.689	1132.095
1734	16	976.688	1132.250
1735	6	1813	1131.167
1736	19	500.868	1135.711
1737	37	731.176	1137.203
1738	5	813.100	1138.700
1739	39	1788.064	1140.397
1740	27	689.093	1141.500
1741	12	414.583	1140.917
1742	23	1380.500	1142.109
1743	27	1495.167	1141.759
1744	21	1055.071	1143.548
1745	19	1323.237	1142.184
1746	25	1742.260	1142.660
1747	33	1267.136	1144.742
1748	27	567.685	1145.241
1749	21	844.500	1144.452
1750	26	507.808	1146.500
1751	36	264.417	1147.194
1752	40	1700.275	1147.850
1753	30	1909.367	1147.267
1754	11	368.136	1148.955
1755	30	619.333	1150.233
1756	14	672.786	1153.429
1757	33	906.833	1155.015
1758	36	1380.278	1154.306
1759	24	76.500	1154.792
1760	18	751.167	1154.500
1761	15	108.033	1154.900
1762	33	1230.500	1156.258
1763	28	1582.321	1155.964
1764	26	424.269	1157.192
1765	16	1086.875	1157.375
1766	29	493.741	1160.983
1767	15	576.633	1160.033
1768	39	1602.654	1160.551
1769	33	1668.318	1162.682
1770	35	57.671	1164.214
1771	16	945.750	1164.125
1772	41	1308.427	1165.817
1773	45	1482.700	1165.967
1774	34	1822.853	1165.088
1775	9	1767.167	1164.722
1776	11	2022.409	1164.864
1777	33	2036.015	1166.803
1778	21	791.643	1166.738
1779	17	917.088	1166.382
1780	28	1963.821	1167.679
1781	16	313.500	1168.062
1782	4	350.500	1167
1783	18	1655.167	1169
1784	34	1762.118	1170.294
1785	28	505.286	1170.071
1786	31	411.758	1170.855
1787	27	766.759	1170.722
1788	33	1112.288	1174.015
1789	6	609.333	1172.500
1790	33	1993.379	1176.045
1791	45	1894.700	1176.656
1792	7	1128.643	1176.071
1793	32	1377.781	1177.375
1794	15	1935.767	1176.700
1795	14	1636.143	1176.786
1796	32	381.125	1179.531
1797	28	437.643	1178.714
1798	12	548	1178.250
1799	12	886.583	1177.917
1800	14	1222.571	1178.929
1801	25	1004.620	1181.060
1802	23	224.500	1181.500
1803	39	1445.321	1182.731
1804	24	121.292	1183.500
1805	34	156.353	1184.794
1806	4	1677.250	1183.750
1807	18	1845.611	1186.778
1808	14	392.214	1187.143
1809	9	1047.833	1186.611
1810	30	193.533	1188.667
1811	15	1258.967	1188.833
1812	28	876.393	1190.286
1813	28	1176.571	1191.857
1814	38	55.211	1192.658
1815	29	254.603	1192.259
1816	16	734	1192.188
1817	31	787.919	1191.984
1818	33	1190.258	1192.136
1819	34	603.765	1194.441
1820	30	1055.933	1193.633
1821	30	1699.100	1195.467
1822	30	1555.267	1196
1823	29	345.500	1197.224
1824	41	682.329	1197.524
1825	23	1727.891	1196.891
1826	38	307.158	1199.053
1827	11	1033.318	1198.045
1828	18	434.056	1199.389
1829	24	954.292	1200.292
1830	30	1505.567	1201.067
1831	12	115	1200.833
1832	25	588.980	1202.660
1833	9	1081.056	1204.944
1834	39	84.372	1208.013
1835	33	824.561	1207.682
1836	32	978.562	1207.500
1837	32	1962.688	1206.812
1838	21	724.881	1208.500
1839	17	360.912	1212.324
1840	37	1868.770	1214.068
1841	24	915.792	1213.792
1842	16	1374.188	1214.250
1843	27	1590.241	1216.056
1844	32	624.781	1217.312
1845	31	430.952	1218.242
1846	8	594	1216.625
1847	7	563.500	1217.500
1848	33	1140.015	1219.773
1849	26	1380.692	1219.308
1850	35	693.100	1220.300
1851	32	877	1220
1852	33	1165.076	1221.924
1853	32	1479.781	1222.438
1854	29	1713.914	1222.500
1855	32	1928.531	1222.094
1856	51	1276.598	1224.676
1857	32	124.656	1225.656
1858	23	190.457	1224.848
1859	26	526.731	1224.885
1860	27	1602.685	1227.019
1861	24	314.250	1228.750
1862	23	1226.848	1228.457
1863	26	256.692	1229.692
1864	24	1020.083	1229.542
1865	13	1096.346	1229.038
1866	14	1882.714	1228.929
1867	35	543.729	1232.186
1868	36	856	1232.639
1869	20	567.450	1233.250
1870	25	1675.140	1232.780
1871	30	968.300	1235.233
1872	30	1403.767	1235.067
1873	36	1734.222	1235.500
1874	41	1540.280	1236.744
1875	25	997.060	1236.940
1876	30	1434.600	1238.667
1877	35	1762.986	1240.414
1878	31	1188.016	1240.887
1879	41	1322.500	1241.598
1880	30	2020.300	1241.600
1881	30	778.800	1242.067
1882	7	740.214	1242.643
1883	7	1579.071	1242.786
1884	18	931.611	1244.556
1885	25	102.900	1246.860
1886	18	63.500	1247.056
1887	36	716.250	1248.444
1888	43	324.616	1249.407
1889	29	1821.983	1249.259
1890	6	1461.667	1248.167
1891	34	174.324	1252.206
1892	6	434.333	1251.333
1893	5	1887.100	1251.700
1894	31	56.371	1254.081
1895	32	158.031	1254.188
1896	30	665.833	1255.800
1897	41	1510.573	1257.207
1898	21	1097.690	1256.548
1899	16	571.125	1257.750
1900	41	24.793	1259.793
1901	26	1051.500	1259.615
1902	18	1208.222	1258.500
1903	26	1647.269	1259.769
1904	28	833.464	1260.821
1905	23	1983.543	1261.935
1906	27	2021.574	1262.648
1907	43	1784.686	1263.663
1908	38	483.895	1264.868
1909	42	1398.976	1267.024
1910	32	355.781	1266.719
1911	36	381.389	1267.389
1912	19	1212.342	1266.711
1913	12	1909	1266
1914	31	788.210	1267.952
1915	31	111.565	1269.629
1916	11	1627.591	1267.955
1917	26	1137.346	1270.308
1918	17	1327.618	1269.559
1919	8	1674.625	1269
1920	4	1863.250	1268.500
1921	19	798.816	1270.132
1922	5	903.900	1268.900
1923	15	967.967	1270.367
1924	32	1193.594	1271.094
1925	39	1483.064	1271.551
1926	20	458.450	1271.400
1927	13	920.731	1272.115
1928	18	987.444	1272.389
1929	5	1968.300	1271.900
1930	40	243.450	1275.300
1931	27	1880.574	1275.722
1932	24	1935.167	1275.625
1933	23	291.239	1277.283
1934	29	571.879	1278.603
1935	5	1893.700	1276.300
1936	30	1977.067	1280.933
1937	16	1135.625	1281.500
1938	33	1311.652	1282.712
1939	13	1821.808	1281.269
1940	12	143.500	1282.417
1941	22	277.227	1283.091
1942	21	1050.548	1282.690
1943	27	1122.796	1282.944
1944	26	1577.731	1283.269
1945	16	647.375	1286.188
1946	14	1158.857	1286.786
1947	34	457.500	1288.353
1948	23	1414.543	1287.761
1949	4	1733.750	1285.750
1950	35	1938.500	1288.729
1951	25	1606.100	1288.740
1952	21	1832.738	1288.976
1953	45	1721.789	1291.078
1954	31	390.597	1291.048
1955	47	504.309	1292.074
1956	36	637.583	1291.889
1957	23	401.587	1291.891
1958	9	954.611	1291.167
1959	31	1025.081	1293.274
1960	11	1854.955	1291.591
1961	23	1577.457	1293.891
1962	45	6.544	1296.389
1963	6	264.667	1294.167
1964	19	350.711	1295.868
1965	19	1223.079	1296.553
1966	27	1249.907	1298.648
1967	20	156.900	1300.350
1968	15	857.900	1299.633
1969	7	1697.929	1299.500
1970	6	257.667	1300.667
1971	18	289.222	1301.389
1972	12	407.333	1301
1973	32	1530.219	1303.250
1974	21	820.643	1305.310
1975	6	37.500	1304.667
1976	19	449.816	1305.711
1977	39	692.808	1307.064
1978	22	983.091	1305.364
1979	19	1830.816	1305.868
1980	9	592.500	1306.167
1981	25	1649.260	1308.220
1982	30	620.033	1309.233
1983	20	1084.700	1308.750
1984	33	1278.500	1309.773
1985	25	290.540	1310.260
1986	12	1864.917	1308.917
1987	35	937.814	1311.814
1988	25	2033.940	1311.140
1989	16	613.250	1310.875
1990	19	1570.289	1312.184
1991	9	1224.611	1313.833
1992	20	606.800	1315.450
1993	39	1323.962	1317.705
1994	27	339.056	1318.759
1995	30	1153.400	1320.433
1996	41	1753.476	1320.378
1997	9	1898.500	1318.611
1998	48	723.146	1322.292
1999	5	670.300	1320.500
2000	25	859.300	1321.580
2001	26	1623.500	1322
2002	28	1814.929	1322.321
2003	8	1414.500	1321.500
2004	8	140	1322.375
2005	16	1432.062	1323.062
2006	37	30.824	1325.041
2007	20	2038.750	1325
2008	26	1189.154	1326.615
2009	27	110.944	1326.796
2010	32	63.375	1327.938
2011	41	1105.500	1328.939
2012	36	1667.972	1328.250
2013	5	518.900	1327.700
2014	26	1003.154	1329.423
2015	24	1483.417	1329.583
2016	30	1922.467	1330
2017	23	1344.587	1331.457
2018	33	788.621	1334.652
2019	34	562.441	1335.235
2020	36	759.611	1336.333
2021	23	1970.457	1335.239
2022	21	129.071	1335.595
2023	29	146.741	1336.707
2024	10	1270	1335
2025	33	850.318	1338.652
2026	24	2036.292	1338.292
2027	25	968.540	1338.900
2028	32	1045	1339.656
2029	28	1390.286	1338.821
2030	16	678.250	1339.875
2031	44	411.114	1342.591
2032	21	1232.548	1341.548
2033	21	1840.690	1341.357
2034	36	216.556	1345.167
2035	32	1609.188	1345.219
2036	36	319.389	1350.194
2037	6	1677.500	1347
2038	17	1784.265	1348.618
2039	21	249.881	1349.690
2040	12	641	1349.500
2041	24	1341.208	1350.208
2042	21	1589.690	1349.548
2043	15	1861.700	1349.033
2044	15	2045.433	1349.233
2045	24	72.542	1351.292
2046	5	304.300	1349.900
2047	15	485.633	1350.033
2048	31	1980.145	1351.242
2049	25	1362.420	1353.460
2050	28	1455.964	1354.071
2051	20	257.800	1354.500
2052	29	1427.948	1355.190
2053	30	1226.833	1356.467
2054	33	385.379	1357.591
2055	23	1063.630	1359.717
2056	9	1324.611	1359.611
2057	14	1912.500	1360.071
2058	22	679.727	1362.182
2059	4	1408.750	1360.250
2060	27	1568.167	1362.426
2061	5	1825.100	1360.700
2062	30	1494.933	1363.733
2063	4	1686	1362
2064	34	630.588	1365.471
2065	23	1945.630	1365.283
2066	30	192.867	1366.767
2067	25	975.980	1367.420
2068	45	903.389	1369.478
2069	27	942.574	1368.537
2070	43	1868.221	1370.198
2071	22	22.318	1369.182
2072	27	389.981	1368.722
2073	34	830.235	1370.235
2074	30	1533.300	1369.833
2075	28	1921.964	1369.607
2076	28	1677	1371.607
2077	23	1007.500	1372.500
2078	16	1050.312	1371
2079	21	1145.690	1371.262
2080	5	1437.900	1370.700
2081	18	145.778	1372.500
2082	5	1790.900	1371.700
2083	34	555.441	1374.206
2084	40	583.200	1375.200
2085	21	262.929	1374.929
2086	4	718	1373.500
2087	21	1640.357	1377.310
2088	27	57.944	1378.685
2089	40	1753.925	1380.150
2090	37	690.824	1381.176
2091	18	778	1380.944
2092	20	323.750	1383.200
2093	11	490.409	1381.682
2094	11	1598.682	1382.591
2095	20	1813.500	1383
2096	20	1166.600	1385.600
2097	13	1193.962	1385.346
2098	15	1489.167	1385.033
2099	16	243.625	1386.375
2100	8	1040	1385.375
2101	25	281.900	1387.820
2102	37	1420.608	1388.662
2103	30	1117.767	1389.467
2104	19	1988.500	1388.395
2105	24	1298.292	1389.792
2106	33	1882.955	1391.379
2107	4	1058.750	1390.250
2108	39	157.372	1394.218
2109	31	192.113	1393.339
2110	27	1826.241	1394.352
2111	28	2020.821	1393.536
2112	50	13.960	1395.920
2113	43	1342.802	1396.012
2114	5	512.500	1394.700
2115	31	1246.952	1396.242
2116	29	317.776	1397.879
2117	6	770.833	1396.167
2118	22	80.364	1399.818
2119	8	496.875	1399
2120	23	842.370	1399.717
2121	12	1188.667	1400.167
2122	13	1313.038	1400.038
2123	7	1366.071	1399.500
2124	12	1464.667	1399.500
2125	37	1553.851	1401.662
2126	10	1706.800	1399.700
2127	33	1145.530	1402.803
2128	29	254.845	1403.017
2129	30	375.867	1403.100
2130	33	1286.773	1403.652
2131	19	977.763	1403.921
2132	22	950.182	1405.136
2133	19	923.447	1405.553
2134	26	1030	1405.962
2135	15	203.167	1406.167
2136	38	1626.237	1407.605
2137	30	2040.967	1408.900
2138	26	1734.423	1410.462
2139	28	1966.679	1411.071
2140	40	89.675	1412.800
2141	31	1791.177	1412.952
2142	37	826.068	1413.905
2143	21	1697.833	1412.119
2144	32	726.562	1415.969
2145	9	1368.833	1414.722
2146	34	907.618	1419
2147	21	957.214	1418.786
2148	34	349	1420.324
2149	7	583.786	1418.500
2150	28	1229.464	1420.464
2151	29	1083.914	1422.224
2152	14	1420.857	1421.286
2153	18	1862.722	1421.611
2154	17	1740.147	1422.559
2155	22	1990.364	1423.773
2156	41	745.232	1425.524
2157	19	973.026	1424.658
2158	14	561.929	1425.286
2159	37	1553.419	1427.095
2160	38	1918.789	1426.395
2161	19	1390.921	1426.658
2162	43	491.314	1429.151
2163	51	531.422	1431.382
2164	29	888.569	1430.569
2165	31	611.532	1431.952
2166	13	1078.731	1429.885
2167	36	1700.111	1431.583
2168	14	829.143	1432.500
2169	26	1999.308	1434.308
2170	7	2.071	1433.071
2171	18	1134.389	1435.556
2172	29	176.983	1437.293
2173	46	435.109	1438.174
2174	22	1588.773	1437.545
2175	25	1658.500	1439.660
2176	29	795.914	1441.500
2177	28	1206.250	1440.821
2178	27	1239.907	1441.130
2179	38	463.684	1444.342
2180	30	1351.867	1444.333
2181	29	924.086	1445.052
2182	25	1776.220	1444.620
2183	25	360.100	1446.180
2184	9	1016.611	1445.389
2185	13	390.115	1445.885
2186	43	1496.756	1447.221
2187	39	779.808	1448.244
2188	11	37.955	1448.318
2189	22	232.455	1450.591
2190	33	990.470	1452.106
2191	18	1239.556	1450.778
2192	6	1343.167	1449.833
2193	43	671.314	1453.779
2194	4	792.750	1452.500
2195	43	1033.453	1454.709
2196	10	854.900	1454.200
2197	26	41.077	1456.462
2198	32	88.906	1456.875
2199	45	179.411	1457.033
2200	33	1116.561	1456.773
2201	26	1171.846	1455.885
2202	29	1389.914	1456.224
2203	5	1653.900	1454.700
2204	30	1765.300	1455.767
2205	31	584.242	1457.532
2206	21	1585.833	1456.405
2207	38	1940.211	1458.895
2208	4	2005.500	1455.750
2209	28	71.286	1458.857
2210	19	130.395	1458.605
2211	20	1526.450	1458.400
2212	34	1611.529	1460.029
2213	9	1990.944	1458.944
2214	24	2030.875	1459.667
2215	34	649.500	1462.441
2216	35	1142.814	1463.986
2217	24	1419.667	1462.583
2218	33	1460.742	1465.803
2219	19	124.132	1465.974
2220	18	142.222	1466.389
2221	6	1431.667	1465.500
2222	25	888.420	1468.300
2223	7	1928.786	1467.071
2224	35	566.214	1469.243
2225	12	256.917	1469.250
2226	43	848.826	1472.593
2227	27	17.574	1473.167
2228	27	499.278	1473.759
2229	35	1377.814	1474.471
2230	21	1479.881	1473.310
2231	28	320.786	1475.821
2232	11	374.409	1475.136
2233	18	408.667	1475.167
2234	10	1329.700	1474.800
2235	26	1866.692	1475.885
2236	21	1206.881	1476.976
2237	33	349.500	1479.258
2238	18	1061.611	1480
2239	33	1285.288	1480.773
2240	20	1714.350	1480
2241	19	1736.079	1480.132
2242	27	214.426	1481.056
2243	37	810.878	1481.689
2244	12	1045.583	1479.833
2245	32	1193.031	1482.188
2246	22	1681.955	1481.455
2247	34	745.059	1483.206
2248	28	254.429	1484.286
2249	10	762.700	1483
2250	4	276	1484.500
2251	22	990.455	1485.636
2252	15	1822.967	1488.833
2253	23	1786.717	1491.978
2254	30	275.267	1493.200
2255	25	1109.420	1493.060
2256	38	924.842	1495.184
2257	33	1637.348	1496.924
2258	22	372.955	1497.318
2259	12	787	1495.750
2260	22	1891.409	1498.455
2261	30	515.833	1498.667
2262	18	608.278	1498.556
2263	21	183.976	1500.452
2264	16	1422.375	1501.688
2265	17	1556.559	1501.147
2266	37	1581.500	1502.500
2267	31	1240.790	1503.048
2268	11	940.591	1502.682
2269	4	1439.750	1502.750
2270	40	1832.725	1504.650
2271	34	104.941	1505.265
2272	35	376.586	1506.071
2273	21	685.690	1506.262
2274	37	656.122	1507.608
2275	27	1742.722	1507.130
2276	23	1478.196	1507.587
2277	11	26.500	1507.864
2278	36	1703.833	1509.639
2279	14	1539.429	1509
2280	35	1977.214	1510.843
2281	35	860.957	1511.129
2282	30	1072.467	1511.033
2283	6	1376.667	1509.333
2284	10	145.200	1514.200
2285	11	1041.318	1514.409
2286	25	1282.420	1514.940
2287	28	1617.464	1515.036
2288	20	1824.850	1515.950
2289	32	1458.875	1517.125
2290	32	445.469	1518.375
2291	43	61.872	1520.360
2292	45	1159.033	1519.989
2293	46	16.957	1521.087
2294	5	1179.500	1518.900
2295	7	1779.643	1519.071
2296	32	1324.562	1521.719
2297	27	1758.130	1521.019
2298	13	1298.731	1521.269
2299	24	1885.417	1521.417
2300	33	278.288	1523.894
2301	11	422.318	1522.045
2302	5	672.300	1520.900
2303	9	1833.833	1523.500
2304	4	965.500	1523.750
2305	36	1998.167	1527.611
2306	4	1123.500	1525
2307	25	345.340	1528.540
2308	28	295.250	1529.714
2309	41	422.622	1529.573
2310	28	161	1530.286
2311	39	718.090	1530.859
2312	25	917.540	1529.900
2313	29	1657.121	1533.086
2314	14	1307.786	1533.429
2315	23	1612.630	1533.717
2316	15	208.233	1534.567
2317	18	1937.444	1534.500
2318	14	1266.143	1534.714
2319	16	1531.688	1534.562
2320	6	593.667	1535.167
