 	Area	X	Y
1	35	951.671	30.157
2	4	995.750	30.250
3	29	962.328	37.259
4	37	891.095	46.284
5	22	985.409	48.545
6	24	994.042	52.833
7	36	915.750	62
8	20	951.100	63.350
9	35	968.986	70.129
10	15	875.167	80.367
11	22	942.545	80.773
12	33	995.591	83.621
13	19	886.605	96.026
14	36	967.750	126.083
15	42	903.762	126.881
16	20	884.400	136.050
17	12	931.833	149.333
18	22	913.045	155.136
19	4	942	169
20	40	903.750	174.275
21	41	955.183	179.110
22	18	886.278	192.333
23	27	905.611	194.870
24	28	853.714	206.500
25	24	892.500	208
26	35	858.300	220.386
27	33	934.985	223.773
28	25	928.500	236.900
29	20	880.500	239.650
30	30	958	240.467
31	25	853.420	242.780
32	9	969.278	253.611
33	34	895.882	258.059
34	31	912.887	265.597
35	32	960.375	271.531
36	28	900.750	284.036
37	28	956.643	300.964
38	7	840.929	304.214
39	4	864.750	307.250
40	30	931.667	312.500
41	37	910.257	317.500
42	51	855.402	326.618
43	6	954.333	332.667
44	34	847.765	356.294
45	18	945	356.278
46	26	932.308	366.692
47	226	887.305	382.898
48	22	818.318	376.727
49	20	843.950	397.200
50	43	935.616	414.919
51	42	861.405	417.595
52	37	810.122	432.851
53	44	856.682	456.045
54	30	912.733	458.167
55	7	828.500	462.643
56	20	865.500	470.150
57	29	898.879	476.431
58	24	808.458	482.875
59	20	802.200	486.250
60	39	892.218	492.910
61	33	851.985	494.136
62	43	826.826	507.895
63	18	869.722	508.833
64	19	905.553	515.132
65	4	892.500	514.500
66	38	795.237	519.132
67	30	876.900	521.867
68	24	910.542	526.125
69	5	911.300	541.700
70	42	823.024	552.167
71	12	860.417	556.167
72	41	835.427	559.646
73	16	782.500	561
74	12	831.333	569.333
75	4	856	570.750
76	32	890.938	579.406
77	30	872.500	588.467
78	21	827.071	596.500
79	31	896.758	605.048
80	24	871.375	609.250
81	36	775.194	610.944
82	20	799.800	620.750
83	37	846.014	621.824
84	32	816.500	635.844
85	13	832.654	647.423
86	21	801.071	649.357
87	32	767.562	668.656
88	31	826.177	677.661
89	41	860.671	679.451
90	46	779.022	711.913
91	29	805.259	711.845
92	25	828.020	713.420
93	18	790.167	722.556
94	53	839.481	725.745
95	23	865.022	741.239
96	16	788.062	742.188
97	46	747.739	747.957
98	11595	779.289	881.971
99	4	757	755
100	5	768.700	757.500
101	18	860.556	760.389
102	4	788.750	766.750
103	63	807.198	773.389
104	40	787.600	777
105	5	743.300	781.100
106	6	786.333	786.667
107	6	804.333	793
108	13	822.423	793.500
109	8	813.375	794.750
110	7	828.500	795.071
111	233	835.693	806.689
112	10	802.700	798.600
113	12	810.833	800.917
114	18	821.389	798.500
115	5	816.300	801.500
116	5	802.900	802.100
117	21	816.690	807.405
118	6	848	804
119	84	804.429	810.952
120	4	829	807
121	8	850.500	810.750
122	4	853.750	811
123	26	821.423	817.615
124	5	812.300	815.700
125	11	828.227	817.682
126	5	817.900	820.500
127	4	842.500	821.750
128	7	831.214	822.929
129	5	849.700	822.700
130	4	733.750	832.500
131	4	739	832.250
132	68	737.779	841.162
133	5	743.900	841.300
134	76	825.118	847.789
135	14	740.929	850.071
136	13	732.731	851.423
137	5	739.100	855.100
138	5	801.500	855.100
139	5	727.700	859.300
140	5	725.900	864.100
141	5	798.100	863.900
142	10	817.100	870
143	9	823.944	873.278
144	5	830.100	875.100
145	8	813.625	875
146	11	840.500	877.227
147	6	814.500	878
148	7	826.214	879.500
149	5	815.700	882.500
150	5	830.300	892.100
151	34	753.324	917.265
152	13	726.808	928.115
153	8	741.125	926.625
154	25	759.060	930.060
155	4	730	934.750
156	10	723.500	937
157	6	729.167	939.833
158	13	728.038	943.577
159	22	740.864	947.909
160	7	728.500	948.214
161	4	781.750	957.750
162	26	773.769	965.462
163	5	828.300	973.500
164	5	793.700	978.500
165	7	792.500	983.357
166	5	796.900	984.900
167	54	713.148	997.611
168	6	733.667	1000.333
169	8	768.250	1001.250
170	36	747.111	1011.778
171	29	766.500	1022.052
172	5	714.700	1021.100
173	39	771.244	1039.218
174	4	714.250	1041.500
175	43	743.849	1044.081
176	42	700.143	1066.738
177	14	743.786	1069.429
178	18	802.611	1080.444
179	23	793.804	1085.674
180	41	725.207	1089.402
181	32	693.031	1091.531
182	34	762.676	1104.618
183	36	751.500	1122.028
184	43	699.012	1125.128
185	6	799.167	1130
186	37	781.257	1135.716
187	17	673.441	1143.500
188	18	761.333	1151
189	40	714.700	1153.925
190	14	695.500	1154.357
191	23	780.413	1179.761
192	17	684.618	1196.618
193	8	705.500	1206.375
194	40	712.900	1213.900
195	14	772.214	1214
196	33	739.258	1216.712
197	27	655.019	1227.241
198	44	677	1230.182
199	16	696.250	1238.812
200	8	738.500	1251.500
201	38	703.474	1259.684
202	34	724.265	1260.382
203	52	661.750	1279.269
204	27	746.722	1282.167
205	39	707.244	1287.782
206	37	680.554	1301.446
207	47	735.287	1306.436
208	13	673.038	1323.808
209	15	697.967	1331.633
210	5	715.700	1335.700
211	37	649.500	1338.932
212	35	639.643	1339.586
213	50	708.760	1366.040
214	37	629.014	1369.500
215	27	672.574	1372.389
216	45	739.122	1380.144
217	35	642.957	1386.214
218	15	654.167	1402.500
219	18	737.778	1406.556
220	23	656.413	1410.761
221	34	642.706	1416.059
222	34	725.412	1420.912
223	17	617.676	1432.912
224	31	680.371	1439.694
225	22	662.045	1439.727
226	42	699.810	1449.143
227	39	730.808	1453.987
228	10	661.200	1456.400
229	37	612.203	1466.986
230	32	636.250	1470.938
231	7	692.357	1473.786
232	22	665.455	1482.818
233	9	727.722	1495.056
234	33	660.773	1498.409
235	23	603.891	1517.283
236	24	708	1527
237	16	636.250	1528.125
238	9	618.278	1529.056
