 	Area	X	Y
1	20	362.800	1.900
2	9	468.278	1.056
3	24	1239.917	3.708
4	4	724	3
5	30	1725.133	6.533
6	12	2040.667	5.167
7	27	1877.426	7.944
8	4	522.750	6.750
9	22	662	9.318
10	25	1274.660	11.180
11	21	1130.786	12.929
12	30	1356.700	13.700
13	7	975.500	13.500
14	37	1155.608	16.878
15	36	1203.833	17.306
16	28	1590.643	16.250
17	8	37.875	15.750
18	32	281.406	18.938
19	39	179.013	19.372
20	14	1662.143	19.214
21	38	1426.526	22.132
22	11	1119.955	21.318
23	35	1493.814	22.586
24	44	564.273	23.705
25	22	732	23.636
26	27	1688.685	23.241
27	17	52.735	24.676
28	21	1776.357	24.643
29	29	385.879	26.672
30	36	642.778	26.500
31	34	1964.471	27.118
32	24	1994.958	26.667
33	27	2022.352	27.870
34	46	832.870	30.152
35	21	1838.310	28.357
36	18	1334	30.722
37	27	985.944	31.685
38	35	209.900	33.414
39	26	1361.308	35.192
40	20	929.150	35.850
41	31	1095.919	37.500
42	34	79.088	38.500
43	8	97.125	38
44	18	163.778	38.333
45	36	895.917	39.694
46	32	1808.500	40.906
47	25	367.740	41.020
48	47	490.436	43.287
49	34	1746.676	42.588
50	25	1937.500	42.500
51	33	2044.530	42.955
52	22	1287.591	42.682
53	38	1467.132	44.842
54	28	529.929	45.857
55	19	738.289	44.289
56	25	1261.580	44.820
57	23	420.022	46.717
58	38	439.816	48.263
59	39	601.167	48.679
60	21	1343.738	47.833
61	23	151.891	48.630
62	34	1628.412	49.147
63	26	759.538	49.538
64	27	999.907	50.019
65	23	1590.413	49.891
66	34	12.029	53.588
67	28	811.107	53.750
68	15	917.567	52.767
69	4	100	53
70	26	37.846	55.538
71	31	364.694	56.919
72	29	1296.017	57.293
73	21	1766.214	56.786
74	37	1521.122	58.635
75	4	1716.500	58
76	33	642.470	61.227
77	37	1805.662	62.122
78	28	1939.857	61.500
79	30	1248.100	62.933
80	37	686.095	64.581
81	30	917.567	64.867
82	43	1040.988	65.500
83	33	1402.500	66.197
84	38	1666.053	67.342
85	23	443.457	66.935
86	27	749.463	66.685
87	43	1702.267	68.128
88	30	781.400	69.533
89	31	1886.823	69.113
90	24	1988.167	68.833
91	7	177.357	71.071
92	31	583.532	73.823
93	26	230.538	75.154
94	9	114.611	76.056
95	29	1615.155	77.948
96	34	147.118	78.706
97	26	260.692	78
98	23	953.457	78.674
99	23	1290.717	79.239
100	20	1329.600	78.550
101	31	1395.145	79.371
102	21	275.881	80.262
103	15	1995.500	79.700
104	23	247.152	81.196
105	42	317.119	82.143
106	35	385.100	81.529
107	21	854.881	80.310
108	5	1134.700	78.900
109	42	11.429	83.143
110	21	631.690	82.786
111	37	964.149	84.095
112	28	1771.143	82.929
113	28	1433.643	84
114	17	1869.088	83.618
115	35	805.186	87.643
116	23	667.935	89.543
117	29	131.741	89.810
118	26	679.731	90.346
119	12	1550.500	89.750
120	8	1941.625	89
121	33	1154.076	91.227
122	30	1603.433	91.800
123	25	507.020	91.780
124	32	1202.344	92.312
125	19	1910.711	93.711
126	34	1000.706	96
127	31	458.081	96.016
128	7	1799.786	94.357
129	10	1176.800	95.700
130	36	1352.167	98.611
131	33	1451.409	98.530
132	5	423.900	97.300
133	36	1886.361	101.667
134	31	509.113	102.403
135	16	463.562	103.250
136	4	834.250	102.500
137	34	1651.853	104.500
138	29	88.810	105.259
139	22	78.227	105.545
140	30	1375.700	107.400
141	23	1500.370	106.674
142	32	549.656	108.156
143	22	1188.864	108.455
144	24	1972.667	109
145	4	597	110
146	29	1096.362	112.259
147	4	1806	110.500
148	25	732.580	112.620
149	22	1751.318	112.727
150	30	162.100	114.133
151	35	693.443	115.043
152	9	1836.500	113.056
153	5	997.700	113.500
154	16	1088.812	114.500
155	24	1922.083	114.750
156	9	1199.500	114.833
157	29	1438.190	116.190
158	31	1570.726	116.468
159	42	311.119	118.405
160	26	581.154	117.077
161	40	1547.175	119.275
162	36	49.389	122.222
163	37	25.797	123.743
164	22	182.455	123.045
165	42	1737.690	124.762
166	33	899.833	124.924
167	30	1360.567	125
168	31	1961.371	124.629
169	37	377.932	125.635
170	47	238.521	128.585
171	31	924.468	127.823
172	8	1562.125	126.125
173	8	99.875	126.875
174	33	759.288	128.833
175	25	83.780	130.420
176	27	982.352	129.907
177	39	825.782	132.295
178	33	1062.136	131.591
179	36	599.500	132.444
180	30	855.800	132.167
181	32	1140.969	132.719
182	27	1812.833	132.093
183	13	178.269	131.731
184	33	1008.621	134.318
185	25	429.820	136.220
186	28	678.750	137.107
187	28	383	138.500
188	9	1214.389	136.944
189	39	138.346	140.218
190	31	1507.952	141.919
191	21	1933.500	140.357
192	11	1276.864	140.773
193	19	165.711	143.553
194	5	1221.100	142.700
195	27	1435.241	145.093
196	29	1216.500	146.293
197	9	1601.056	145.944
198	10	259.700	146.600
199	24	956.958	147.833
200	4	1314.250	146.500
201	7	2003.500	146.214
202	10	1583.500	149.700
203	5	815.500	150.300
204	42	1235.833	153.690
205	23	1922.500	152.239
206	14	1027.357	153.143
207	30	1402.333	155.433
208	44	1662.750	156.795
209	23	276.543	157.891
210	19	445.395	157.658
211	37	1836.581	158.176
212	32	1972.531	158.188
213	4	882	157
214	38	1374.605	159.553
215	25	578.940	160.020
216	34	930.029	160.529
217	17	1950.853	159.088
218	14	44.357	160.214
219	41	1766.037	162.744
220	14	545	162.643
221	38	754.026	163.658
222	18	845.389	163.444
223	19	1131.447	163.289
224	41	1298.671	164.500
225	8	893.375	163.500
226	23	1040.457	166.674
227	40	1602.500	166.675
228	16	1700.500	166
229	9	958.944	167.389
230	35	1864.414	168.414
231	10	360.400	167.800
232	24	982.708	171.208
233	23	1016.543	171.196
234	29	451.845	172.017
235	45	526.856	172.789
236	36	688.056	172.333
237	40	1141.450	176.075
238	31	58.855	177.597
239	20	904.100	177.650
240	23	1436.326	177.630
241	34	658.794	179.676
242	34	603.147	180
243	22	269.364	181.500
244	33	415.167	184.197
245	6	708.167	181.833
246	36	1729.056	184.611
247	21	1183.643	185.690
248	18	1952.556	186.333
249	29	466.121	188.086
250	41	1103.476	189.720
251	33	240.803	190.652
252	5	1974.700	191.900
253	33	1290.015	194.106
254	4	1809	192.500
255	22	615.909	195.227
256	28	320.286	196.250
257	39	838.731	197.013
258	28	117.071	197.607
259	34	1059.706	197.059
260	24	1641.208	199.042
261	33	130.591	200.591
262	46	1555.370	200.870
263	31	1920.823	200.565
264	7	785.214	199.643
265	16	1423.750	200.750
266	15	1886.100	200.233
267	21	1932.500	201.500
268	10	1456.600	202
269	8	609	202.500
270	45	83.900	206.300
271	15	152.767	204.367
272	21	198.643	204.690
273	26	1831.346	205.077
274	25	1442.780	205.580
275	4	2004.250	204.250
276	46	742.457	208.457
277	5	1702.300	205.500
278	7	1977.500	206.214
279	36	884.972	209.444
280	26	1406.538	210.423
281	9	1770.167	208.722
282	22	509.364	210.818
283	28	1212.393	211.143
284	34	1248.088	211.824
285	33	2034.955	212.015
286	36	316.306	213.222
287	9	1946.500	211.278
288	6	1726.333	212.833
289	19	2044.500	213.447
290	18	240.611	214.444
291	38	989.237	216.342
292	6	1041.667	213.833
293	42	1504.857	215.952
294	48	391.479	217.208
295	4	625.500	214.750
296	18	681.667	216.444
297	30	1560.800	217.433
298	7	199.786	216.500
299	28	179.857	218.857
300	9	1680.722	217.944
301	10	445.500	219.300
302	38	478.447	222.026
303	24	41.458	222.875
304	61	1351.893	225.238
305	41	1739.622	225.622
306	33	1052.258	225.045
307	9	462.833	228.056
308	35	955.757	229.614
309	15	1797.033	228.833
310	10	661.700	228.500
311	25	679.340	230.300
312	33	1668.682	230.712
313	21	1689.310	229.548
314	30	318.033	232.133
315	35	1840.043	234.300
316	16	73	234
317	27	1188.759	235.093
318	18	1285.389	234.222
319	20	1038.850	236.200
320	34	1610.500	239.176
321	41	1219.695	240.012
322	26	57.192	242.538
323	28	1444	241.821
324	26	2032.846	241.692
325	27	2004.796	242.981
326	41	550.695	246.207
327	16	1947.062	245.750
328	25	150.100	248.460
329	5	299.100	247.700
330	9	413.167	247.389
331	28	1202.107	249.679
332	32	225.188	250.375
333	39	1150.244	251.500
334	29	194.776	251.948
335	33	770.682	252.470
336	35	921.957	252.643
337	41	611.476	255.305
338	27	1945.981	255.426
339	48	273.500	257.167
340	40	1309.900	256.625
341	34	1503.059	256.853
342	12	868.750	256.583
343	8	1753.875	256.250
344	4	325	257
345	33	482.045	259.106
346	39	1416.962	259.679
347	9	1799.611	258.167
348	19	1049.711	259.763
349	7	2027.643	258.071
350	27	1814.426	260.907
351	13	684.808	261.500
352	27	841.019	262.056
353	28	967.179	262.393
354	27	721.241	262.907
355	21	779.262	264.214
356	34	165.588	266.441
357	24	639.083	266.292
358	30	1237.833	267.800
359	21	732.548	269.310
360	44	1881.750	270.477
361	25	863.980	269.620
362	27	1732.907	269.944
363	4	1790	268.500
364	38	1913.632	270.447
365	10	933.600	270.600
366	41	1059.159	271.817
367	31	1651.790	271.790
368	7	476.214	273.500
369	32	959.094	275.719
370	22	1517	275.500
371	29	1626.086	276.431
372	40	302.175	278.125
373	30	1133.300	277.300
374	31	651.855	277.758
375	23	547.152	278.978
376	32	561.375	280
377	35	1656.271	281.071
378	25	1155.260	281.500
379	4	1754	279.250
380	31	360.952	281.919
381	27	963.537	283.611
382	19	86.132	284.026
383	8	168.500	283
384	5	1232.300	282.500
385	35	1564.214	287.100
386	34	2023.176	287.059
387	29	611.052	288.362
388	26	1507.423	287.692
389	22	377.091	289.182
390	30	874.567	290.167
391	36	423.472	292.222
392	27	513.648	291.389
393	27	214.796	292.130
394	16	1933.062	291.250
395	23	146.022	292.717
396	40	1304.900	294.250
397	17	1960.559	292.088
398	21	544.405	296.167
399	30	1151.800	296.833
400	31	1461.081	296.048
401	32	1591.406	295.844
402	22	712.455	296.727
403	33	771.227	297.955
404	14	1982.500	297
405	38	24.658	299.684
406	16	902.875	298.750
407	35	1784.129	300.329
408	20	499.100	300.750
409	14	1130.357	299.857
410	5	1266.500	299.500
411	27	1384.722	301.389
412	37	1631.797	303.473
413	35	1730.557	302.243
414	29	221.293	303.328
415	28	1092.357	303.929
416	20	2008.850	303.050
417	8	1020.625	302.625
418	31	1868.210	304.210
419	18	51.278	306
420	6	621.167	305.333
421	12	787.500	305.917
422	40	810.875	308.775
423	6	1718	307.500
424	21	1319.310	310.119
425	37	84.608	311.203
426	11	140.682	310.045
427	18	576.167	310.389
428	40	1539.575	312.200
429	34	262	312.324
430	16	869.125	313.500
431	14	387.786	315.429
432	19	883.132	315.553
433	15	1069.900	315.367
434	25	1451.780	316.380
435	24	1199.417	316.792
436	30	684.700	319.133
437	19	1240.658	318.553
438	28	1366.714	318.893
439	27	175.204	319.685
440	38	448.079	320.553
441	38	1004.421	321.053
442	31	1929.823	320.758
443	27	1172.685	322.204
444	20	1232.550	322.150
445	7	249.500	321.500
446	39	129.244	324.756
447	6	1009.667	324.667
448	24	1067.542	325.792
449	36	2019.250	326.361
450	7	173.929	326.214
451	27	687.426	328.315
452	23	1890.413	328.717
453	20	1.850	329.800
454	10	893.500	329
455	20	938.100	330.450
456	28	358.536	332.214
457	32	1586.969	332.438
458	30	1302.167	333.100
459	36	1358.333	335.306
460	14	1429.714	333.929
461	37	1857.689	335.770
462	23	955.370	335.717
463	26	395.846	337.923
464	24	518.083	338.333
465	20	722	337.300
466	28	1684.179	338.536
467	41	1500.061	339.500
468	12	792.750	339.167
469	28	1671.929	340.143
470	16	47.750	340.500
471	10	246.500	340.700
472	25	352.180	341.820
473	8	1038	340.875
474	10	740.900	342
475	14	1983.786	342.071
476	4	1834	342
477	34	1106.971	345.471
478	36	1267.889	345.500
479	23	812.891	345.978
480	32	294.531	347.406
481	27	688.056	348.315
482	32	1453.031	349.719
483	40	1723.425	349.750
484	39	569.910	351.474
485	19	1329.553	349.711
486	15	1080.233	351.167
487	28	1573.250	352.036
488	31	1225.565	354.435
489	12	1735.333	353
490	6	253.667	354.500
491	37	426.608	356.500
492	11	1550.864	354.682
493	37	96.878	357.797
494	52	8.692	360.173
495	33	381.803	359.621
496	22	1380.500	358.955
497	4	1642	358.750
498	37	1785.257	361.014
499	18	1754.833	360.611
500	39	248.064	362.731
501	30	771.133	364.500
502	23	1340.065	363.848
503	39	833.910	365.500
504	28	947.143	364.964
505	39	482.013	366.731
506	26	664.962	365.500
507	31	1831.694	366.952
508	36	542.167	367.444
509	20	460.550	367.750
510	38	1188.605	372.263
511	21	1389.500	370.738
512	37	149.824	373.149
513	9	1057.500	370.500
514	40	1952.325	374.150
515	8	571.375	372.875
516	31	746.694	374.435
517	35	1002.300	375.500
518	35	984.700	378.357
519	44	2023.455	379.409
520	15	1477.633	379.633
521	32	1085.594	381.969
522	6	1115	380.500
523	7	1762.071	381.071
524	22	162.636	383.182
525	37	343.851	384.041
526	33	1036.409	384.258
527	5	824.100	383.300
528	27	1418.722	385.500
529	34	1511.794	387.794
530	31	1534.403	386.919
531	27	1594.241	387.463
532	13	1919.577	386.038
533	22	1578.273	388
534	6	1875.833	386.667
535	28	1705.750	389.179
536	20	34.750	389.750
537	14	661	389
538	37	1266.770	390.365
539	24	1943.375	389.958
540	36	188.917	392.056
541	36	1094.056	391.528
542	35	369.700	392.871
543	8	644	390.500
544	44	81.591	393.795
545	38	1727.079	393.921
546	18	28.889	393.167
547	47	871.777	395.968
548	31	900.016	395.016
549	29	445.466	395.776
550	19	1210.500	395.500
551	34	1866.471	397.441
552	36	493.639	399.056
553	32	1285.312	398.719
554	9	1320.833	396.722
555	28	533	399.393
556	28	773.679	400.893
557	25	807.740	401.420
558	37	752.230	403.851
559	31	2038.113	403.758
560	39	322.269	406.474
561	11	663.045	403.682
562	43	961.081	405.756
563	36	1134.250	406.667
564	22	733.273	406.591
565	42	1812.095	407.571
566	12	701.250	407.500
567	11	1464.773	407.682
568	41	266.524	409.915
569	8	1281.500	408.125
570	8	999.750	409.375
571	4	1316.750	411.500
572	39	1471.038	413.910
573	21	555.833	413.929
574	36	1940.722	415.556
575	32	594.219	416.531
576	36	637.028	416.667
577	23	113.935	416.674
578	16	819.562	416.562
579	28	1643.964	419.214
580	29	1825.431	418.224
581	26	1693	421.038
582	29	1366.707	423.983
583	19	1186.658	424.605
584	31	1619.081	425.597
585	36	867.611	426.444
586	43	30.988	429.012
587	16	454.125	427.750
588	26	1557.808	428.115
589	24	1533.500	429.208
590	25	539.020	430.140
591	31	1341.597	431.855
592	33	924.045	432.712
593	31	1997.597	434.177
594	28	260.286	434.964
595	20	667.600	434.550
596	6	1578.667	433.167
597	11	1186.045	434.773
598	24	1278.042	436.417
599	38	1418.658	436.368
600	23	736.935	436.761
601	31	1480.597	438.694
602	7	1711.214	438.357
603	36	1730.722	440.889
604	7	1025.214	440.929
605	34	2034.147	443.912
606	33	1205.288	446.288
607	25	901.740	447.340
608	38	1770.895	447.579
609	38	186.421	447.974
610	35	628.586	448.186
611	27	1975.944	447.981
612	30	654.533	449.433
613	24	1140.375	449.417
614	34	158.441	450.294
615	31	1378.177	450.597
616	17	1396.265	449.088
617	24	1951.583	449.667
618	11	1518.318	450.318
619	25	1613.540	451.340
620	26	1342.462	452.192
621	31	584.887	453.887
622	39	1862.269	453.833
623	6	1492.667	452.667
624	24	542.542	456.792
625	19	791.763	457.184
626	41	994.159	457.817
627	36	1509.528	457.694
628	13	1660.962	455.731
629	34	112.912	458.971
630	29	691.190	457.776
631	41	387.256	460.915
632	35	1182.500	460.471
633	13	1241.500	458.962
634	31	1921.952	460.274
635	33	1941.318	460.955
636	28	1688.821	460.821
637	35	448.329	463.786
638	31	754.242	463.145
639	33	1306.894	463.409
640	7	731.643	462.929
641	51	294.441	466.657
642	27	110.722	466.722
643	35	42.929	468.071
644	6	138.500	467
645	22	937.091	468.818
646	18	1846.611	468.278
647	18	1881.167	469.778
648	44	880.614	473.636
649	33	1601.136	473.045
650	14	630	472.786
651	24	1042.083	473.625
652	39	1087.346	475.500
653	35	1641.071	474.871
654	13	1871.038	473.808
655	25	1138.980	475.020
656	33	1267.015	475.409
657	10	1594.200	475.500
658	38	1124.237	479
659	20	1186.850	478.450
660	6	818.167	477.667
661	29	228.707	480.017
662	30	1998.100	480.433
663	41	491.988	481.915
664	25	558.660	481.500
665	21	744.833	481.881
666	27	1408.611	482.722
667	10	1451.400	480.700
668	41	1731.085	483.134
669	5	1937.500	483.700
670	28	1900.714	486.071
671	14	103.143	486.857
672	16	57.625	487.625
673	37	959.878	489.068
674	16	1245.875	487.500
675	10	195.800	488.200
676	5	1929.900	487.300
677	7	1291.357	488.214
678	20	694.800	490.400
679	30	416.867	492.833
680	47	814.436	493.394
681	40	2024.925	493.975
682	8	354	493.125
683	32	717.438	494.344
684	35	1474.814	495.129
685	41	1804.841	496.402
686	30	1664.900	496.233
687	13	1852.038	496.192
688	41	998.329	499.598
689	31	1577.823	500.306
690	48	28.146	503.062
691	16	450.250	500.938
692	42	212.286	503.762
693	24	1851.833	503
694	10	1129.500	503
695	27	1200.463	504.722
696	13	1504.269	502.731
697	5	98.300	503.900
698	17	1016.559	505.324
699	22	313.227	506.545
700	31	507.500	507.952
701	13	1177.192	505.962
702	13	1826.115	506.192
703	28	631.679	507.893
704	9	1064.833	506.500
705	40	347.500	510.400
706	6	1402	509.500
707	4	1233.750	511
708	31	1592.855	513.242
709	9	446.167	513.167
710	18	805.833	513.667
711	8	1143.500	513
712	10	2006.300	513.600
713	24	771.292	515.667
714	12	139.083	516
715	37	1702.986	518.311
716	44	560.568	519.023
717	31	1284.629	518.468
718	22	1496.545	517.636
719	42	1775.738	520.524
720	19	262.395	521.079
721	43	172.686	522.942
722	8	637	520.750
723	46	1334.435	523.109
724	46	1386.587	523.435
725	35	717.157	523.300
726	39	895.705	523.962
727	19	69.974	523.816
728	31	283.919	526.210
729	8	1446.125	523.625
730	18	1504.444	528.111
731	34	844.618	530.676
732	28	1107.071	529.893
733	30	68.267	531.233
734	20	138.050	530.350
735	10	1669.300	531
736	4	130.750	530.750
737	5	702.900	531.300
738	6	1725.667	531.667
739	16	2023.500	533.500
740	32	320.406	535.281
741	29	766.259	534.741
742	13	1025.654	535.731
743	33	1068.803	537.409
744	43	431.407	538.849
745	7	1677.929	537.357
746	35	1803.300	539.700
747	20	1956.950	539.750
748	19	148.974	540.974
749	10	91.200	541.200
750	21	1158.881	542.595
751	25	1533.460	543.900
752	12	610	546.250
753	37	928.635	547.554
754	51	1219.578	549.755
755	22	1499.364	547.409
756	19	526.868	549.447
757	33	959.045	550.470
758	26	1258.077	551.769
759	35	1412.243	551.814
760	21	1469.262	550.738
761	32	342.188	553.219
762	47	1875.415	553.245
763	40	1011.625	555.125
764	27	1291.130	555.537
765	23	1667.674	554.891
766	10	221.500	554.700
767	17	1130.559	556.029
768	21	1748.167	556.024
769	7	710.643	555.214
770	35	646.329	558.500
771	10	1922.500	557.700
772	5	1933.700	557.500
773	25	1580.020	559.700
774	23	396.717	561.674
775	9	988.611	560.167
776	15	1237.567	560.833
777	44	507.750	562.955
778	5	1216.300	559.900
779	36	1563.750	563.722
780	5	475.300	562.500
781	29	131.293	566.086
782	33	388.258	566.530
783	54	1309.500	568.685
784	27	1380.167	568.278
785	28	48.357	569.500
786	10	395.400	568.100
787	15	581.367	568.300
788	24	335.750	570.542
789	29	946.052	570.328
790	5	970.700	567.900
791	43	1968.453	570.570
792	34	1990.882	570.471
793	50	214.980	572.060
794	33	1447.076	571.076
795	26	1917.615	571.423
796	44	20.250	572.545
797	34	848	572.382
798	14	1127	571.357
799	11	1632.682	572.136
800	29	491.569	574.086
801	11	1100.318	572.682
802	39	1157.115	575.885
803	14	1810	573.500
804	19	887.553	574.342
805	31	782.597	577.210
806	26	2009.885	577.154
807	30	1683.700	578
808	57	4.693	579.079
809	15	1414.033	578.433
810	28	630.179	579.964
811	13	517.654	580.115
812	43	1520.151	582.430
813	17	153.853	581.441
814	56	1177.518	584.036
815	10	1235.600	580.800
816	28	302.643	583.536
817	5	1701.500	581.500
818	34	256.471	584.706
819	24	793.458	585.208
820	6	1023.667	582.833
821	17	1348.088	586.382
822	11	1398.318	585.773
823	23	431.283	587.413
824	28	115.607	590.500
825	24	658.792	589.458
826	24	749.625	589.667
827	37	1646.257	591.176
828	32	588.875	592.656
829	32	730	592.500
830	4	1190	590.500
831	5	1201.900	590.900
832	34	1595.118	592.382
833	5	1211.500	591.700
834	17	1218.382	593.324
835	14	324.357	593.714
836	33	909.924	595.348
837	40	1815.550	595.500
838	12	1782.167	594.833
839	21	632.738	596.548
840	4	1214.750	595.250
841	8	1503.625	596.625
842	24	2020.417	597.625
843	12	1188.500	598.917
844	11095	1210.086	721.679
845	41	1080.720	601.915
846	20	1094	600.350
847	32	358.969	601.938
848	16	718.312	601.812
849	12	1014.250	601.500
850	34	834.912	603.412
851	19	1979.079	603.026
852	13	495.423	603.115
853	28	1403.250	605.214
854	6	763.333	604.167
855	21	1343.310	605.595
856	30	647.300	607
857	27	1022.426	608.167
858	34	1743.059	607.206
859	12	348.833	607.250
860	18	910.111	608.278
861	43	1679.407	609.593
862	33	533.318	611.045
863	25	1385.740	611.460
864	32	1923.312	611.250
865	30	317.733	612.133
866	48	1267.208	613.917
867	20	1461.150	612.100
868	9	1625.500	610.500
869	5	728.700	610.900
870	21	1363.595	613.976
871	26	1935.462	614.231
872	19	347.395	614.658
873	34	242.353	616.294
874	15	1632.833	615.233
875	18	118.778	616.667
876	24	76.083	617.833
877	11	501.864	617.591
878	14	1060.429	619.929
879	36	1589.889	621.750
880	34	1751.176	621.265
881	25	1883.820	621.060
882	11	1033.955	621.136
883	39	798.526	623.654
884	34	1010.147	624.029
885	36	1483.944	623.528
886	38	931.684	625.237
887	6	476.500	626
888	39	751.346	628.936
889	24	157.375	628.833
890	23	980.674	628.457
891	42	1125.190	630.262
892	24	61.042	630.208
893	22	960.182	629.318
894	5	1161.300	628.500
895	34	26.824	632.235
896	32	492.656	631.875
897	33	561.712	632.348
898	15	652.367	631.700
899	21	1511.262	631.500
900	29	402.879	633.500
901	34	118	634.529
902	4	1221.250	633
903	6	1216.667	634.333
904	32	327.219	636.656
905	45	439.167	637.389
906	7	786.500	634.929
907	4	1015.500	634.500
908	25	87.500	637.020
909	8	1223	638.375
910	4	1231	637.500
911	5	1245.300	638.500
912	4	1256.750	638.750
913	7	1215.071	639.214
914	28	1311.214	641.071
915	5	516.700	640.100
916	35	596.614	643.700
917	102	1225.118	650.108
918	8	1456.625	641.500
919	18	665.389	643.556
920	11	1241.045	643.500
921	7	1245.214	643.786
922	24	637.500	644.792
923	25	1214.220	649.660
924	4	1287.750	644.500
925	30	1858.467	645.967
926	5	1248.900	645.900
927	4	1277.250	647
928	26	1602.692	648.500
929	40	1903.300	648.575
930	52	188.192	650.135
931	17	926.206	648.676
932	5	1241.500	648.100
933	18	1253.167	650.667
934	78	1265.833	652.833
935	16	525.688	649.875
936	27	824.352	651.907
937	8	1234.500	649.375
938	4	1288.250	650
939	60	1316.233	654.667
940	14	1776.786	651.071
941	33	254.197	653.076
942	29	1445.879	654.569
943	8	1300.375	654.500
944	33	873.076	656.530
945	6	1045.667	655.667
946	5	1241.500	655.500
947	22	1819.591	657.136
948	4	2001.500	654.750
949	5	1055.300	656.300
950	5	1108.100	656.500
951	4	1208	656
952	5	1280.900	656.500
953	7	1291.357	657.214
954	35	1804.643	658.614
955	44	984.886	660.364
956	5	1064.300	657.300
957	8	1076.625	657.750
958	4	1229.500	657.250
959	13	1253.038	660.423
960	4	1310.500	657
961	18	1059.056	661.333
962	7	1276.929	658.643
963	37	1376.230	660.635
964	10	1295.200	660.900
965	11	1403.045	659.773
966	18	1051.278	662.722
967	4	1098	660.750
968	8	1268.375	661.375
969	34	1555.206	662.765
970	45	1959.367	662.722
971	21	282.643	662.738
972	10	1037.900	662.200
973	4	1067.250	662
974	4	1073.500	661.500
975	5	1228.500	661.500
976	4	1299.250	661.250
977	22	2038.182	663.136
978	11	1125.500	662.682
979	4	1047	663.750
980	199	1083.204	673.535
981	14	786.571	665.857
982	14	1063.214	665.643
983	5	1098.100	664.700
984	37	754.257	667.932
985	5	1117.300	665.100
986	17	1525.912	666.853
987	18	638.389	667.444
988	6	1238.333	666.500
989	20	1712.950	667.750
990	15	466.367	668.033
991	12	832.083	668.667
992	7	1070.929	667.929
993	31	1751.081	668.952
994	40	37.700	671.350
995	5	1055.300	668.700
996	14	1103.357	670.286
997	45	546.078	673.256
998	25	1222.340	672.300
999	30	46.333	673.500
1000	26	256.115	674.538
1001	7	1100.500	673.500
1002	7	1115.071	673.786
1003	5	1120.300	672.500
1004	37	2018.878	675.230
1005	45	464.478	676.322
1006	26	1046.192	674.769
1007	4	1107	673
1008	10	1567.100	674.200
1009	33	609.682	676.015
1010	7	1108.786	674.929
1011	30	1695	677.200
1012	17	693.265	677.029
1013	6	874.333	676.500
1014	4	1064	679
1015	13	1090.731	680.115
1016	78	1145.615	682.744
1017	32	1109	681.594
1018	5	1380.100	679.700
1019	22	1479.636	681.182
1020	16	147.375	681.625
1021	4	790	680
1022	4	1162	679.750
1023	39	1873.141	682.833
1024	26	127.577	682.923
1025	5	194.500	681.500
1026	5	1066.700	681.300
1027	4	1126.250	681.250
1028	22	1666.591	683.455
1029	29	769.914	684.362
1030	10	1164.600	683.600
1031	23	1638.891	683.457
1032	6	1078.833	684.667
1033	33	1529.803	686.621
1034	25	1774.900	685.780
1035	32	1927.281	686.844
1036	7	1150.214	687.214
1037	62	1300.452	691.613
1038	31	982.919	688.694
1039	7	349.500	690.214
1040	38	677.421	692.868
1041	24	1597.917	691.542
1042	25	367.100	692.540
1043	32	858.562	695.062
1044	25	380.500	697.060
1045	4	957.750	695.250
1046	28	1680.786	697.679
1047	7	1147.929	697.500
1048	13	1151.654	699.577
1049	35	921.471	701.271
1050	36	1075.556	701.889
1051	30	273.067	702.467
1052	43	565.988	703.523
1053	6	1126.333	700.333
1054	7	75.643	702.071
1055	40	183.200	703.725
1056	16	254.562	702.562
1057	12	1155.333	704
1058	5	1132.500	702.700
1059	21	1758.500	704.690
1060	24	673.167	706.125
1061	10	1126.400	705.800
1062	4	1254.500	705
1063	28	1389.821	706.286
1064	20	1844.450	706.700
1065	30	870.500	709.467
1066	5	1134.900	707.100
1067	12	1120.750	710.583
1068	33	1421.955	710.682
1069	29	1637.500	712.362
1070	26	975.731	712.885
1071	4	1252	712
1072	17	460.676	713.559
1073	12	853.417	713.167
1074	26	1380.385	714.423
1075	30	2016.267	715.133
1076	36	392.667	718
1077	4	1246.750	715
1078	17	1487.853	716.735
1079	27	738.722	718.019
1080	7	1249.786	717.071
1081	13	1439.115	717.885
1082	4	144.750	718.500
1083	12	295.917	719
1084	32	1715.469	720.219
1085	28	835.750	721
1086	32	643	724.406
1087	39	303.346	725.449
1088	32	1604.406	726.125
1089	7	1784.071	723.357
1090	33	706.470	727.015
1091	16	1853.688	726.875
1092	34	510.324	729.029
1093	8	892.625	727
1094	39	1068.654	729.141
1095	42	1511.738	728.690
1096	15	2.900	727.633
1097	40	1560.225	729.700
1098	19	1898.184	728.974
1099	28	1920.714	729.929
1100	18	1045.111	730.556
1101	33	52.652	732.773
1102	13	1939.962	730.731
1103	13	76.269	732.346
1104	27	815.463	733.611
1105	21	1986.310	732.643
1106	4	1125.250	732.250
1107	7	1250.214	732.500
1108	16	1377.188	734
1109	36	463.167	735.444
1110	14	1974.143	734.929
1111	34	890.059	736.588
1112	5	1130.500	734.300
1113	28	782.107	738.536
1114	31	1420.726	738.500
1115	39	1837.808	738.628
1116	32	2044.781	738.219
1117	4	1313	737.250
1118	4	1271.500	739
1119	25	656.020	742.020
1120	7	1131.500	741.786
1121	6	1142.667	740
1122	5	1525.900	741.300
1123	40	96.050	744.525
1124	41	256.378	745.134
1125	12	547	742.917
1126	32	704.344	745.344
1127	51	996.245	746.088
1128	10	201.600	744.400
1129	4	1134.750	744
1130	7	1274.929	743.929
1131	4	1126.500	744.250
1132	6	1919.167	744.333
1133	27	1097.611	747.130
1134	5	1142.500	746.100
1135	7	1279.357	747.214
1136	5	1145.700	747.900
1137	8	9.625	748.250
1138	33	314.167	750.500
1139	5	1121.100	749.100
1140	5	1141.700	748.900
1141	45	1158.389	752.389
1142	26	214.269	752.385
1143	16	182.625	753.188
1144	403	1143.795	771.167
1145	31	1753.694	753.984
1146	16	1866.812	753.312
1147	48	376	755.875
1148	27	1349.241	754.907
1149	30	1204.433	756.500
1150	30	1970.100	757.400
1151	35	1680.386	758.671
1152	13	111.269	759.192
1153	26	146.885	760.692
1154	24	795	760.167
1155	5	805.300	758.100
1156	32	1049.844	760.094
1157	5	1147.100	758.700
1158	31	1496.274	760.306
1159	27	1938.870	760.574
1160	27	487.537	762.500
1161	31	1020.694	764.661
1162	32	1521.812	765.406
1163	23	1701.717	763.587
1164	12	1398.917	764.250
1165	17	2039.500	764.147
1166	32	1367.688	765.969
1167	15	643.700	766.967
1168	4	1189	765.500
1169	27	1635.056	766.463
1170	5	1157.100	768.500
1171	37	1213.554	770.635
1172	16	1418.188	768.562
1173	28	357.071	769.857
1174	5	999.500	768.900
1175	33	2016.652	770.076
1176	38	763.474	773.474
1177	13	807.654	771.962
1178	18	1916.889	773.611
1179	11	1459.045	774.318
1180	40	175.175	776.650
1181	44	853.886	778.205
1182	41	1477.622	777.280
1183	5	1650.500	775.500
1184	14	379.857	777.571
1185	36	602.944	779.250
1186	13	1453.115	776.962
1187	16	1441.250	778.062
1188	9	749.389	778.278
1189	4	1268.750	778
1190	38	79.026	781.579
1191	20	1845.950	780.550
1192	28	316.179	782.250
1193	35	499.357	782.414
1194	11	1499.682	780.682
1195	26	1596.615	782.923
1196	22	1953.909	781.591
1197	4	1261.250	781.500
1198	4	1266.750	781.250
1199	8	547.625	783.375
1200	8	1263.875	783.875
1201	16	1189.438	787
1202	37	1881.662	789.392
1203	5	1259.500	787.100
1204	46	211.043	791.522
1205	41	37.890	792.280
1206	24	677.542	791.042
1207	4	1611	789.500
1208	26	1123.500	792.346
1209	26	945.077	792.962
1210	4	146.750	792.250
1211	16	460.188	793.438
1212	29	646.741	794.017
1213	22	1115.318	793.636
1214	32	884.375	795.438
1215	34	1332.941	796.647
1216	16	1705.938	795.250
1217	5	235.900	795.900
1218	10	915.900	796.200
1219	7	152.643	796.786
1220	16	418	797.250
1221	36	536.722	798.611
1222	4	1679.750	796.500
1223	21	562.500	798.119
1224	32	482.438	800.438
1225	14	1659.214	799.286
1226	15	1720.500	799.833
1227	15	1786.167	799.233
1228	23	1966.848	799.717
1229	14	2024.357	799.357
1230	12	386	800
1231	12	986.750	799.917
1232	32	1762.969	802.031
1233	41	264.793	804.207
1234	39	1010.269	803.705
1235	35	1065.843	804.329
1236	11	1537.318	804.500
1237	36	1565.444	805.444
1238	43	113.965	806.733
1239	18	200.333	805.833
1240	21	1820.643	805.310
1241	5	768.300	805.100
1242	9	153.167	807.611
1243	6	1266.333	807
1244	29	1925.948	810.776
1245	34	1681.029	811.500
1246	31	593.081	812.661
1247	12	630.250	810.750
1248	35	14.071	813.129
1249	4	1267	811.750
1250	34	1306.794	813.206
1251	37	1021.257	815.311
1252	4	1060	812
1253	35	1409.100	814.471
1254	25	296.300	815.020
1255	21	379.452	814.881
1256	26	408.615	815
1257	21	1910.310	815.548
1258	4	126.500	815.250
1259	40	1060.775	817.775
1260	12	1103.667	817.500
1261	11	658.318	817.682
1262	14	1080.429	820.929
1263	32	1726.781	819.312
1264	29	1982.741	820.017
1265	12	1086.333	821.167
1266	28	1381.679	822.750
1267	34	1587.088	822.176
1268	28	1630	821.929
1269	4	1070.500	822
1270	22	604.591	824.045
1271	44	705.886	825.023
1272	31	871.113	824.565
1273	8	1099.750	824.625
1274	4	1102.750	823.500
1275	4	1120	823.750
1276	28	1642.893	825.607
1277	12	1086.167	826.583
1278	5	1091.300	824.500
1279	6	1095.333	824.500
1280	6	1108.667	824.667
1281	9	2046.833	825.389
1282	34	1438.647	828
1283	36	173.278	828.861
1284	9	1123.389	827.278
1285	19	1101.342	829.184
1286	32	2027.875	829.281
1287	22	926.682	830.227
1288	25	341.980	832.140
1289	34	1544.529	832.029
1290	30	762.100	832.367
1291	11	1110.773	830.682
1292	16	810.125	832.750
1293	57	1152.395	835.781
1294	4	1605.500	831.750
1295	6	1097.500	834.500
1296	42	661.333	837.381
1297	11	1932.682	834.682
1298	35	277.900	837.414
1299	21	515.690	836.595
1300	30	912.467	837.633
1301	6	1112.333	835.333
1302	31	831.984	839.016
1303	5	1176.700	837.300
1304	7	1236.929	839.071
1305	32	46.531	840.906
1306	25	438.300	842.100
1307	42	1778.167	843.095
1308	39	542.064	843.577
1309	32	1439.094	844.125
1310	35	216.614	844.243
1311	26	1069.885	844.385
1312	39	1381.038	844.679
1313	4	757	843
1314	6	1509.333	843.333
1315	21	1851.548	844.690
1316	20	97.500	846.400
1317	34	414	848.853
1318	40	1116.225	849.500
1319	31	1722.565	849.048
1320	22	1940.818	849.864
1321	15	2020.033	849.367
1322	35	60.786	853.043
1323	30	785.500	852.333
1324	33	1202.712	852.258
1325	41	1306.500	854.037
1326	11	740.682	854.227
1327	5	1258.900	854.700
1328	31	376.661	857.113
1329	25	833.700	856.740
1330	21	990.500	856.548
1331	32	1007	858
1332	14	849.071	858.214
1333	19	886.237	858.342
1334	41	1099.915	860.963
1335	33	467.924	861.167
1336	35	1645.471	863.129
1337	23	254.543	863.109
1338	22	1674.955	862.591
1339	17	414.853	865.382
1340	38	1842.289	866.395
1341	26	395.346	867.615
1342	11	488.773	866.682
1343	5	787.500	866.700
1344	22	953.727	868.636
1345	4	102.750	869.250
1346	7	581.071	869.786
1347	22	1281.545	871.182
1348	43	1875.337	871.802
1349	21	220.976	871.786
1350	17	2024.676	871.853
1351	11	1078.318	871.773
1352	25	902.780	874.380
1353	34	494.706	875.059
1354	15	1721.167	874.300
1355	39	1523.603	876.295
1356	7	1743.643	874.214
1357	8	1957.750	874.750
1358	27	969.093	876.796
1359	19	991.553	875.974
1360	20	234.700	877.300
1361	36	620.556	878.917
1362	8	1057.250	877.250
1363	13	1327.115	877.269
1364	36	126.806	880.250
1365	37	1239.581	882.176
1366	26	1711.462	883.423
1367	35	1201.186	884.329
1368	39	585.346	885.269
1369	33	800.500	886.561
1370	15	264.100	887.633
1371	22	396.136	888.909
1372	23	929.674	890.630
1373	21	556.881	891.452
1374	4	343	891.500
1375	24	953.458	893.250
1376	4	272.500	892
1377	37	680.851	896.500
1378	33	1060.258	896.227
1379	13	1977.731	894.885
1380	22	1319.318	897
1381	36	1496.278	898.222
1382	31	1932.210	896.823
1383	26	1475.538	897.654
1384	25	1585.180	897.780
1385	34	1750.029	899.088
1386	28	872.929	899.429
1387	16	707.188	899.750
1388	20	94.150	900.900
1389	12	65.250	900.833
1390	6	275.667	900.333
1391	33	1140.561	903.803
1392	14	1325.857	902.786
1393	23	796.239	903.761
1394	39	1990.269	904.295
1395	43	1443.709	905.523
1396	31	1775.758	904.855
1397	48	332.438	907.417
1398	5	517.300	904.500
1399	39	82.705	907.474
1400	35	774.100	907.671
1401	40	1109	908.600
1402	31	1863.016	907.113
1403	25	1891.540	907.100
1404	28	2029	906.750
1405	18	944.722	907.444
1406	34	1637.471	908.647
1407	10	1070	907.300
1408	27	1352.204	909.278
1409	44	1523.795	910.432
1410	11	1203.682	910.227
1411	16	1305.625	910.562
1412	45	11.833	915.033
1413	46	1389.848	915.826
1414	17	1551.206	914.794
1415	28	1644.929	915.321
1416	5	1607.700	914.900
1417	45	281.411	919.500
1418	12	1529.833	917
1419	5	1759.900	916.300
1420	30	567.933	922.700
1421	33	643.955	922.379
1422	36	997.972	924.389
1423	42	203.167	928.024
1424	15	1288.100	926.367
1425	29	1133.672	928.466
1426	39	1178.577	928.910
1427	33	542.197	930.591
1428	30	748.400	930.467
1429	30	798.033	930.067
1430	22	1275.682	930.682
1431	15	1360.833	930.967
1432	4	1429	930.500
1433	28	159.357	933.857
1434	19	1599.447	933.026
1435	35	1782.614	933.386
1436	32	1965.656	933.469
1437	5	917.300	932.100
1438	24	670.542	934.792
1439	40	865.750	936.025
1440	25	1916.500	935.260
1441	13	1408.115	935.192
1442	39	398.500	937.423
1443	33	1719.924	938.167
1444	6	626.167	937.833
1445	28	1862.786	939.893
1446	6	1041.500	938.667
1447	7	110.500	939.214
1448	4	1458.750	939.250
1449	31	1615.113	940.790
1450	27	205.648	943.204
1451	30	724.233	943.400
1452	40	1086.475	944.925
1453	33	693.470	946.197
1454	22	833.591	946.455
1455	25	905.940	947.420
1456	34	1232.500	947.118
1457	4	271	946
1458	24	1424.458	948.208
1459	38	447.211	950.447
1460	34	642.324	950.588
1461	16	1846.750	948.938
1462	24	2029.125	950.125
1463	8	1025.500	950.125
1464	6	1962	949.500
1465	21	1951.119	952.500
1466	10	1035.700	952.400
1467	27	300.944	955.167
1468	14	1505.500	954
1469	17	1872.735	955.324
1470	42	1742.500	957.714
1471	40	558.600	958.850
1472	34	129.471	960.559
1473	43	470.035	961.198
1474	6	758.333	958.167
1475	28	72.179	961.143
1476	39	249.603	961.141
1477	4	1464.500	959.250
1478	19	147.553	961.605
1479	9	882.500	960.500
1480	47	1144.138	963.096
1481	35	597.129	963.471
1482	36	951.833	964.306
1483	36	927.639	964.278
1484	37	1218.203	964.257
1485	33	1331.318	964.470
1486	27	1816.204	964.056
1487	41	1601.159	966.037
1488	33	338.470	967.258
1489	9	1637.389	966.833
1490	9	424.611	968.167
1491	19	769.132	968.763
1492	16	95.625	970.188
1493	28	330.500	971
1494	4	748.500	969.250
1495	23	26.413	972.717
1496	38	1353.263	975.263
1497	29	1538.431	974.362
1498	26	1289	975.500
1499	28	1999.786	976.821
1500	14	787.857	976.071
1501	21	2028.357	976.548
1502	20	399.800	978.200
1503	30	1058.233	978.333
1504	30	1797.133	979.233
1505	17	761.265	979.500
1506	38	1261.132	980.526
1507	40	1665.650	980.700
1508	38	1012.184	982.158
1509	14	1111	980
1510	4	541.750	980.500
1511	33	1378.409	982.500
1512	14	214	982
1513	4	631.500	982.250
1514	4	653.750	982.500
1515	17	185.147	985.029
1516	35	277.757	987.414
1517	20	437.400	986.600
1518	6	1607.333	985.500
1519	30	872.167	990.367
1520	22	1969.682	990.409
1521	4	1559	989
1522	21	520.500	992.833
1523	37	1168.608	993.689
1524	13	1141.885	993.423
1525	15	1235.900	994.100
1526	20	1693.100	994.400
1527	36	598.667	997.194
1528	15	1738.633	996.033
1529	41	698.012	999.329
1530	25	1838.380	997.980
1531	44	955.955	1000.455
1532	24	1069.500	1000.417
1533	36	2016.083	1000.472
1534	48	77.458	1002
1535	27	479.093	1001.019
1536	33	1309.379	1001.803
1537	29	1449.500	1003.672
1538	9	1609.167	1003.056
1539	38	414.789	1005.632
1540	36	1638.222	1005.806
1541	24	1899.292	1004.708
1542	37	147.932	1006.257
1543	8	303.500	1005.250
1544	18	544.500	1006.222
1545	33	1463.924	1007.773
1546	11	654.955	1008.318
1547	22	1706.136	1008.773
1548	29	516.397	1010.155
1549	10	1857.300	1008.800
1550	28	1762.393	1011.107
1551	43	355.407	1012.872
1552	31	751.145	1013.145
1553	39	111.808	1013.628
1554	20	802.300	1012.950
1555	48	1503.042	1015.229
1556	44	251.250	1015.818
1557	30	1939	1015
1558	34	20.824	1016.088
1559	38	196.789	1016.447
1560	25	1731.420	1017.700
1561	7	893.214	1019.643
1562	6	1002.667	1020.333
1563	11	1042.136	1021.045
1564	19	331.605	1024.132
1565	32	392.062	1024.469
1566	25	1677.980	1023.780
1567	26	1264.385	1025.038
1568	31	1533.855	1026.532
1569	16	227.062	1027.500
1570	28	548.571	1028.786
1571	13	1939.885	1027.192
1572	34	702.382	1031.735
1573	11	931.955	1030.318
1574	36	1330.250	1032.472
1575	26	812.577	1032.577
1576	22	948.182	1031.409
1577	39	1567.705	1032.756
1578	31	1837.210	1032.597
1579	12	476.833	1032
1580	23	1395.152	1032.891
1581	21	1970.119	1032.690
1582	34	885.235	1034.765
1583	20	1439.400	1033.500
1584	43	1864.593	1035.012
1585	14	1130	1034.500
1586	35	438.014	1036.443
1587	42	1027.810	1037.571
1588	22	784.773	1038.727
1589	24	1060.083	1041.333
1590	35	1291.729	1041.357
1591	28	612.179	1042.536
1592	33	1925.561	1043.712
1593	6	95.500	1042.333
1594	18	726.722	1044.111
1595	21	850.833	1043.595
1596	29	1684.879	1045.224
1597	5	229.300	1044.100
1598	28	831.143	1047.321
1599	9	1161.722	1046.833
1600	26	1610.692	1052.346
1601	10	2008.700	1051.200
1602	40	1170.675	1054.300
1603	30	1743.767	1053.833
1604	32	1761.938	1053.531
1605	42	347	1054.619
1606	26	2043.615	1053.846
1607	39	537.244	1055.423
1608	23	924.630	1054.717
1609	4	1428	1054.500
1610	14	859.286	1055.929
1611	11	1293.773	1056.682
1612	44	1445.341	1059.773
1613	32	36.906	1059.406
1614	4	788	1057
1615	32	1208.594	1059.875
1616	15	1256.033	1059.367
1617	17	641.265	1060.265
1618	39	1379.808	1061.756
1619	25	1502.900	1060.820
1620	28	155.786	1062.214
1621	26	866.500	1062
1622	11	1884.318	1060.864
1623	27	1089.796	1063.796
1624	7	1667.643	1061.786
1625	34	103.294	1064.853
1626	32	1410.594	1064.844
1627	27	1811.796	1064.389
1628	27	932.056	1065.389
1629	12	1561.667	1064.750
1630	39	1121.115	1068.141
1631	26	210.577	1068.115
1632	50	303.080	1071.180
1633	30	542	1071.733
1634	39	781.295	1071.526
1635	22	1652.364	1070.545
1636	21	1041.548	1072.310
1637	47	1992.521	1073.245
1638	27	1060.685	1073.056
1639	40	680.075	1075.675
1640	32	617.938	1076.500
1641	37	428.986	1078.230
1642	30	1936.733	1077.300
1643	36	1540.833	1078.694
1644	22	1149.455	1078.636
1645	8	1672.375	1077.875
1646	4	1785	1077
1647	23	43.848	1079.761
1648	23	839.674	1080.239
1649	5	88.100	1080.700
1650	19	1346.605	1081.553
1651	27	890.278	1083.796
1652	23	1500.457	1085.717
1653	6	133.333	1085.500
1654	19	1766.816	1086.184
1655	28	245.393	1089.821
1656	50	1314.260	1090.100
1657	14	510.714	1088.786
1658	41	1726.134	1091.159
1659	29	703.362	1092.052
1660	31	1633.177	1091.403
1661	30	61.167	1092.300
1662	35	1903.386	1092.100
1663	40	1405.175	1093.350
1664	40	1831.950	1094.725
1665	13	593.192	1095.346
1666	11	1211.136	1095.045
1667	18	671.778	1096.333
1668	12	858.667	1096.167
1669	21	1359.262	1096.452
1670	7	373.500	1096.786
1671	33	1160.894	1099.803
1672	41	355.329	1101.280
1673	32	454.562	1100.250
1674	4	560.250	1098.250
1675	13	537.346	1099.885
1676	25	810.180	1101.740
1677	5	1976.700	1099.100
1678	34	1190.412	1102.588
1679	25	1543.940	1102.340
1680	20	1746.450	1101.400
1681	22	1048.727	1103.273
1682	4	269.250	1102.500
1683	31	517.306	1104.468
1684	16	592.188	1105.062
1685	25	910.900	1104.780
1686	36	1024.083	1106.444
1687	19	1995.395	1105.816
1688	29	15.948	1106.362
1689	11	203.500	1106.773
1690	31	165.210	1108.790
1691	15	424.433	1110.367
1692	42	939.714	1112.071
1693	42	193.119	1114.524
1694	30	1938.933	1113.600
1695	25	779.620	1115.060
1696	19	1019.132	1114.500
1697	37	1469.365	1116.203
1698	27	769.241	1116.019
1699	40	1103.850	1116.625
1700	4	36	1115
1701	32	93.406	1117.156
1702	17	878.088	1116.618
1703	5	1714.900	1115.300
1704	25	402.180	1119.780
1705	37	632.581	1121.392
1706	28	1991.286	1121.143
1707	7	11.500	1122.786
1708	5	714.700	1122.500
1709	39	1689.705	1124.654
1710	14	315.929	1125.357
1711	26	590.538	1125.923
1712	22	1224.682	1125.955
1713	24	1282.292	1126.458
1714	5	1305.300	1124.100
1715	27	1396.907	1125.907
1716	23	1643.500	1126.500
1717	22	956.227	1127.591
1718	39	1168.474	1129.090
1719	6	1955.667	1126.333
1720	26	468.923	1129.192
1721	24	746.042	1128.667
1722	38	165.737	1131.026
1723	26	409.269	1130.231
1724	39	1601.500	1132.244
1725	33	1810.591	1131.682
1726	11	269.864	1133.227
1727	30	520.833	1134.367
1728	17	573.971	1137.794
1729	32	808.219	1138.844
1730	36	1281.944	1138.556
1731	28	3.036	1138.429
1732	19	652.553	1138.763
1733	31	1131.984	1140.532
1734	29	1484.052	1140.500
1735	23	325.630	1141.587
1736	15	988.167	1141.633
1737	38	1503.684	1144.579
1738	27	395.241	1144.981
1739	16	477.875	1144.188
1740	36	1569.667	1146.778
1741	41	1724.012	1148.915
1742	12	847.083	1148.500
1743	44	1209.773	1150.091
1744	44	1384.273	1150.136
1745	9	1668.722	1148.500
1746	12	1923.333	1149.083
1747	34	1937.265	1151.059
1748	23	692.761	1151.239
1749	19	818.289	1150.763
1750	28	1865.143	1151.571
1751	22	214.636	1152.091
1752	28	406.750	1154.286
1753	31	668.468	1154.597
1754	16	1556.625	1153.188
1755	32	1663.500	1154.562
1756	29	313.534	1155.500
1757	4	1153.500	1154
1758	13	510.962	1157.115
1759	35	1013.386	1158.300
1760	34	1894.618	1160.265
1761	41	1796.085	1160.695
1762	33	1279.197	1161.409
1763	16	1537.625	1161
1764	37	338.716	1162.878
1765	6	1030	1160.500
1766	16	1837.250	1160.875
1767	32	282.656	1163.625
1768	17	449.265	1162.500
1769	12	788.083	1162.583
1770	14	1124.214	1163.143
1771	27	125.722	1165.574
1772	31	905.919	1164.952
1773	29	20.707	1167.845
1774	36	1346.778	1167.194
1775	33	57.167	1169.045
1776	4	1578.500	1167.750
1777	18	1746.944	1170.778
1778	13	293.500	1171.423
1779	10	949.100	1170.700
1780	29	94.500	1173.224
1781	28	778	1174.500
1782	14	1159.929	1172.786
1783	28	1988.429	1174.750
1784	31	689.081	1176.371
1785	28	1077.750	1175.893
1786	32	1091.750	1176.312
1787	28	155.643	1177
1788	13	635.269	1176.269
1789	32	957.219	1177.500
1790	35	505.014	1178.271
1791	33	1456.833	1180.136
1792	30	1600.600	1179.467
1793	30	246.500	1181.167
1794	38	583.684	1181.632
1795	24	1629.292	1180.792
1796	36	208.139	1183.194
1797	13	934.423	1182.577
1798	19	335.237	1183.763
1799	23	855.717	1184.674
1800	32	1407.062	1185.688
1801	10	13.200	1185.300
1802	29	489.983	1187.017
1803	13	982.192	1189.115
1804	31	725.790	1191.694
1805	36	879.833	1191.722
1806	32	1863.969	1191.281
1807	25	2033.260	1192.100
1808	24	626.125	1192.792
1809	31	2017.790	1195.629
1810	18	261.944	1196.611
1811	27	817.056	1197.611
1812	39	1769.987	1198.679
1813	19	1275.500	1198.711
1814	5	1457.900	1197.700
1815	30	1491.500	1200.400
1816	39	1984.423	1201.141
1817	32	526.125	1201.562
1818	28	332.143	1202.179
1819	11	495.409	1200.955
1820	5	464.900	1201.500
1821	36	1041.111	1204.139
1822	5	1953.700	1201.100
1823	38	594.447	1204.526
1824	31	778.274	1204.339
1825	30	1281.967	1203.800
1826	34	1066.500	1206.118
1827	36	1381.139	1206.694
1828	35	1829.814	1206.243
1829	51	1177.735	1208.657
1830	29	1615.224	1206.914
1831	25	428.060	1208.980
1832	26	91.423	1209.192
1833	37	24.446	1210.446
1834	27	1503.796	1211.056
1835	31	215.371	1212.887
1836	23	921.370	1213.457
1837	25	1128.180	1212.780
1838	23	157.587	1213.891
1839	11	997.318	1213.227
1840	14	1783.857	1213.286
1841	36	444.611	1216.167
1842	37	757.149	1216.527
1843	21	1575.833	1216.976
1844	17	469.029	1217.147
1845	31	869.306	1219.210
1846	33	1304.773	1219.348
1847	34	1635.706	1219.765
1848	25	898.300	1221.380
1849	37	1441.608	1221.338
1850	37	1335.662	1222.797
1851	39	1664.500	1224.423
1852	37	680.149	1226.230
1853	32	1089.469	1225.031
1854	39	1223.910	1225.731
1855	30	1921.133	1225.867
1856	7	641.071	1226.929
1857	5	1480.300	1227.100
1858	21	1955.976	1229.119
1859	14	832.500	1228.929
1860	34	617.853	1232.824
1861	42	225.595	1233.571
1862	11	1362.773	1231.682
1863	30	1723.133	1233.133
1864	30	2018.367	1234.667
1865	39	75.115	1236.782
1866	6	335.333	1235.500
1867	5	1788.100	1235.700
1868	37	58.743	1238.554
1869	35	567.129	1240.157
1870	22	998.364	1240.818
1871	39	1411.756	1241.782
1872	15	472.167	1241.700
1873	4	771.750	1240.500
1874	31	952.435	1243.694
1875	17	1109.382	1242.382
1876	27	1548.093	1243.870
1877	29	734.603	1245.155
1878	27	1884.611	1245.722
1879	30	1922.633	1246.733
1880	43	1685.826	1248.058
1881	41	384.744	1249.280
1882	30	256.600	1250.767
1883	6	850.333	1248.833
1884	13	1810.038	1249.808
1885	33	282.318	1251.439
1886	18	1113.778	1250.833
1887	43	1299.965	1251.384
1888	35	689.186	1252.357
1889	45	7.389	1253.744
1890	10	1528.700	1252
1891	20	699.650	1254.200
1892	7	805.071	1252.357
1893	24	1038.417	1254
1894	15	1228.967	1253.833
1895	7	1764.643	1252.786
1896	15	868.967	1254.700
1897	36	1094.278	1255.472
1898	37	1384.338	1255.662
1899	11	1576.136	1253.409
1900	20	359.150	1255.500
1901	16	821.812	1256.312
1902	21	888.548	1256.738
1903	40	144.350	1259
1904	5	1868.900	1256.100
1905	8	2047.125	1257.500
1906	29	1781.707	1260.259
1907	21	1836.357	1259.738
1908	24	191.667	1261.667
1909	32	472.656	1263.031
1910	4	1794.750	1260.500
1911	35	1877.786	1265.186
1912	16	1036.938	1265.750
1913	20	178.100	1267.250
1914	5	913.300	1265.900
1915	25	951.460	1266.900
1916	28	1023.929	1267.321
1917	30	1212.867	1267.167
1918	13	1722.423	1265.808
1919	14	44	1266.786
1920	27	1478.759	1267.944
1921	40	1995.550	1269.150
1922	15	548.967	1270.367
1923	14	1059.786	1270.786
1924	35	358.471	1272.614
1925	21	1315.357	1272.310
1926	25	1506.820	1272.740
1927	25	1733.580	1273.300
1928	35	1839.414	1273.557
1929	40	1623.225	1275.100
1930	33	291.833	1275.227
1931	53	405.085	1276.198
1932	38	538.526	1276.211
1933	23	302.543	1276.674
1934	8	855.625	1275.500
1935	32	926.031	1277.531
1936	11	1755.864	1275.773
1937	24	1478.417	1278.542
1938	21	251.500	1279.881
1939	22	1124.091	1281.227
1940	28	1150.893	1282.679
1941	18	758.722	1283.889
1942	20	57.350	1284.850
1943	9	1599.056	1283.722
1944	18	190.056	1285.778
1945	11	308.318	1284.955
1946	36	1431.472	1287.194
1947	4	158.750	1285.500
1948	22	884.500	1288.955
1949	15	350.967	1289.700
1950	39	593.833	1290.962
1951	23	721.587	1289.717
1952	12	493.167	1290.250
1953	18	1731.444	1290.167
1954	27	521.204	1293.204
1955	20	985.600	1292.800
1956	39	1179.423	1294.269
1957	21	1550.071	1292.500
1958	29	191.397	1294.603
1959	12	1766.417	1293.333
1960	15	513.967	1294.633
1961	34	838.882	1295.353
1962	28	1934.857	1295.357
1963	22	1470.591	1296.409
1964	13	1983.731	1295.885
1965	22	507.636	1299.182
1966	8	1125.375	1298.375
1967	42	1224.810	1301.833
1968	24	239.833	1302.833
1969	41	1654.305	1304.598
1970	46	623.848	1306.435
1971	28	1054.321	1304.929
1972	7	1799.214	1303.071
1973	4	571.750	1304.500
1974	25	760.220	1305.500
1975	10	1314.800	1305.200
1976	27	1524.204	1306.130
1977	32	1715.750	1306.719
1978	19	1332.816	1307.395
1979	45	2018.900	1308.678
1980	7	39.643	1307.071
1981	26	1939.846	1309.077
1982	37	7.311	1311.041
1983	25	1089.860	1310.900
1984	34	1569	1312
1985	44	1006.114	1313.614
1986	6	419.667	1312.333
1987	30	904.267	1314
1988	28	1384.464	1313.821
1989	32	1823.531	1314.094
1990	22	1245.591	1315.409
1991	35	689.443	1318.814
1992	40	463.350	1319.475
1993	37	660.797	1320.230
1994	25	1871.380	1319.300
1995	22	28.409	1319.409
1996	29	46.672	1320.776
1997	9	1170.722	1318.833
1998	35	751.357	1322.586
1999	24	1937	1322.417
2000	20	869.550	1323.100
2001	30	945.800	1323.600
2002	24	1291.500	1322.792
2003	16	579.375	1324
2004	21	1741.786	1325.214
2005	43	311.849	1327.035
2006	19	1133.447	1325.447
2007	31	117.403	1329.177
2008	31	1510.048	1329.242
2009	22	1685.364	1332.409
2010	22	150.409	1333.591
2011	33	220.227	1334.288
2012	13	542.269	1333.346
2013	26	1242.308	1334.385
2014	14	1762.786	1332.857
2015	17	1945.853	1333.029
2016	16	386.375	1334.188
2017	21	1490.500	1334.214
2018	5	1608.300	1332.900
2019	29	1881.293	1335.362
2020	26	1263	1337.808
2021	28	1356.750	1338.571
2022	24	158.667	1338.458
2023	30	1328.700	1339.300
2024	34	286.265	1341.500
2025	26	1127.423	1340.808
2026	26	964.231	1343.923
2027	9	1225.278	1344.056
2028	16	1813.250	1344.500
2029	6	1309.333	1344.333
2030	28	1468.821	1346.500
2031	26	580.731	1346.692
2032	30	1396.133	1347.600
2033	4	1726	1345
2034	37	531.419	1349.500
2035	24	1846.417	1349.417
2036	34	93.029	1350.794
2037	26	876.846	1351.500
2038	46	1768.717	1354.283
2039	29	1959.810	1352.466
2040	28	290.500	1353
2041	45	804.300	1353.633
2042	28	843.500	1353
2043	34	1434.088	1354.118
2044	36	730.750	1354.583
2045	29	1822.293	1353.879
2046	28	1577.929	1355.964
2047	19	950.342	1355.342
2048	22	1046.455	1355.227
2049	5	1570.500	1354.100
2050	36	2031.583	1356.389
2051	18	45.778	1356.722
2052	25	908.220	1357.060
2053	4	1339	1355
2054	7	1691.929	1355.786
2055	25	1983.300	1357.060
2056	32	456.031	1358.188
2057	43	483.686	1359.337
2058	18	163.611	1359.389
2059	22	1541.045	1361.318
2060	38	1654.579	1364.211
2061	38	591.895	1365.289
2062	19	678.921	1365.605
2063	13	391.115	1365.885
2064	23	1714.283	1367.022
2065	22	224.091	1367.682
2066	9	1499.944	1367.167
2067	16	143.938	1370.188
2068	19	1067.289	1369.816
2069	20	1094.800	1369.900
2070	14	1389.500	1369.357
2071	27	182.241	1371.870
2072	8	940.375	1369.375
2073	37	1321.230	1372.959
2074	30	1018.167	1373.567
2075	20	1888.800	1372.700
2076	25	1992.820	1372.540
2077	23	1198.761	1373.761
2078	36	1783.194	1375.472
2079	6	959.500	1374
2080	4	1951.750	1374.500
2081	34	57.529	1378.147
2082	30	92.300	1377.367
2083	26	1921.538	1377.192
2084	29	1727.190	1378.362
2085	45	1243.456	1380.211
2086	7	413.357	1378.500
2087	35	1147.643	1380.157
2088	29	218.052	1382.017
2089	6	671.167	1380.167
2090	6	397.333	1382.833
2091	23	742.848	1383.891
2092	13	1089.577	1384.346
2093	13	1213.500	1384.423
2094	4	1267	1383.250
2095	12	1365.583	1383.583
2096	35	1454.757	1385.671
2097	8	1607.125	1384.250
2098	27	155.574	1386.870
2099	32	276.219	1387.156
2100	32	1046.156	1386.906
2101	29	1187.328	1387.603
2102	23	2014.413	1387.109
2103	24	878.625	1387.833
2104	21	850.976	1389.071
2105	16	103.375	1389.938
2106	16	823.938	1389.750
2107	23	930.630	1389.848
2108	32	1526.875	1391.562
2109	28	1940.964	1392.679
2110	26	1634.923	1394.500
2111	7	950.786	1393.929
2112	29	1866.810	1395.052
2113	26	1598.846	1396.154
2114	42	726.452	1398.119
2115	29	1691.845	1396.845
2116	11	1269.500	1398.500
2117	38	626.974	1400.421
2118	33	807.864	1402.955
2119	24	858.292	1403.125
2120	32	249.406	1404.531
2121	7	484.500	1402.929
2122	29	1130.224	1404.776
2123	31	984.242	1406.339
2124	12	1321.083	1405.500
2125	19	1763.184	1405.816
2126	18	1640.667	1406.667
2127	24	1890.792	1407.958
2128	41	645.573	1409.500
2129	18	873.889	1408.667
2130	4	1807	1407
2131	34	2006.765	1409.735
2132	14	462.286	1409.714
2133	33	1454.106	1410.742
2134	39	1819.192	1410.782
2135	20	1291.450	1411.150
2136	39	391.808	1412.910
2137	48	431.583	1415.333
2138	30	789	1414.700
2139	11	979.045	1414.136
2140	34	1600.088	1415.794
2141	33	511.955	1416.258
2142	13	729.885	1416.115
2143	4	9.500	1416
2144	27	1899.870	1418.426
2145	15	1035.033	1419.633
2146	28	77.429	1421.821
2147	45	335.656	1422.033
2148	22	1489	1421.727
2149	24	1140.583	1424.875
2150	22	1559.136	1423.682
2151	33	695.833	1425.894
2152	29	1106.776	1424.845
2153	42	363.905	1428.595
2154	29	1252.362	1428.431
2155	31	824.661	1429.113
2156	24	1676.833	1428.875
2157	26	259.885	1429.962
2158	10	917.400	1429.500
2159	42	1397.262	1431.167
2160	11	290.409	1429.864
2161	35	680.071	1432.386
2162	24	132.417	1434.833
2163	36	890.694	1435.944
2164	15	1139.767	1434.833
2165	7	1243.214	1433.500
2166	9	1960.389	1434.167
2167	40	572.175	1437.875
2168	8	693	1436.125
2169	6	739.500	1436.667
2170	40	933.750	1438.625
2171	13	755.808	1438.577
2172	17	1977.029	1438.147
2173	42	79.619	1440.929
2174	32	1016.875	1440.938
2175	22	1072.182	1439.727
2176	29	1290.397	1440.224
2177	25	1486.700	1440.300
2178	9	1554.500	1438.833
2179	28	1665.714	1439.786
2180	31	484.339	1441.597
2181	5	1791.500	1439.100
2182	21	1426.595	1442.262
2183	40	1840.375	1443.275
2184	23	29.587	1442.804
2185	34	1511.735	1444.235
2186	10	1891	1443
2187	24	1930.833	1444
2188	8	1975.375	1444.375
2189	31	549.919	1446.984
2190	20	1320.400	1446.800
2191	34	1043.029	1448.382
2192	34	1361.088	1449.676
2193	20	22.750	1449.700
2194	15	42.033	1450.633
2195	6	1332.167	1449.333
2196	4	1568.500	1449
2197	28	788.857	1452.321
2198	37	466.473	1453.473
2199	7	1828.643	1451.214
2200	12	157.250	1453.083
2201	24	2019.083	1453.542
2202	42	749.143	1456.310
2203	32	1278.156	1458.125
2204	27	399.352	1458.204
2205	20	1380.400	1457.400
2206	29	220.879	1459.707
2207	20	309.400	1459.250
2208	29	1767.155	1459.776
2209	14	274.571	1459.143
2210	12	1230	1459
2211	22	1106.955	1460.909
2212	34	249.853	1463.029
2213	14	945.714	1463.857
2214	15	961.767	1463.833
2215	23	1614.587	1463.935
2216	20	1636.150	1463.800
2217	30	114.600	1464.933
2218	37	711.473	1465.365
2219	32	1093.312	1465.938
2220	28	1185.500	1465
2221	39	645.295	1466.756
2222	27	1582.278	1465.537
2223	31	2000.339	1467.855
2224	27	154.907	1468.315
2225	7	663.214	1466.643
2226	19	890.868	1469.658
2227	16	1723	1472.562
2228	31	1962.016	1476.016
2229	23	1686.891	1475.935
2230	28	175.357	1476.929
2231	27	1009.574	1477.093
2232	36	825.472	1479.417
2233	5	860.700	1476.900
2234	33	1537.470	1480.955
2235	14	686.929	1480
2236	23	273.109	1481.413
2237	32	416.062	1482.406
2238	18	508.278	1482.889
2239	23	1791.543	1482.543
2240	25	84.180	1484.380
2241	18	1457.111	1485.056
2242	12	1323.083	1485.417
2243	33	1481.803	1486.530
2244	31	1140.887	1487.242
2245	8	841.375	1486.875
2246	44	1732.818	1488.727
2247	33	276.924	1490.258
2248	25	585.540	1490.380
2249	41	556.402	1491.817
2250	26	1378.692	1491.654
2251	31	1643.274	1490.952
2252	19	1439.711	1493.184
2253	43	1603.942	1493.919
2254	40	760.775	1495
2255	12	1277.167	1493.417
2256	35	1877.157	1494.557
2257	29	972.397	1495.431
2258	15	44.500	1498.167
2259	22	1182.136	1499.091
2260	27	1517.574	1499.204
2261	9	941.833	1498.611
2262	33	1358.864	1501.106
2263	22	1724.773	1499.636
2264	38	345.711	1502.184
2265	33	1956.015	1502.621
2266	44	1059.364	1504.205
2267	8	1079.500	1502.625
2268	10	1679.700	1503
2269	33	1224.379	1505.924
2270	29	1658.500	1505.190
2271	13	1199.115	1505.577
2272	25	1785.580	1505.460
2273	11	322.500	1506.500
2274	4	572	1505
2275	29	178.362	1507.983
2276	38	2019.947	1508.395
2277	5	1734.300	1507.100
2278	4	865.750	1508.500
2279	4	1023	1509
2280	39	1898.295	1511.782
2281	29	245.431	1512.603
2282	32	195.406	1513.875
2283	45	322.767	1513.856
2284	31	60.145	1514.306
2285	39	618.474	1515.013
2286	23	817.543	1513.457
2287	30	1557.400	1517.200
2288	13	1207.962	1517.423
2289	26	1512.538	1518
2290	31	1431.726	1519.726
2291	4	14.750	1518.250
2292	23	107.935	1519.457
2293	27	1166.093	1519.944
2294	39	1837.577	1520.346
2295	32	494.031	1521.344
2296	34	986.559	1522.088
2297	27	1817.944	1522.352
2298	17	597.088	1522.676
2299	14	380.571	1525.143
2300	22	589.227	1525.273
2301	32	1134.719	1525.156
2302	23	1273.717	1524.891
2303	28	673.679	1525.893
2304	29	747.328	1527.224
2305	24	1637.375	1527.542
2306	27	1781.500	1528.870
2307	38	1974.447	1528.421
2308	26	94	1530.231
2309	30	1319.633	1530.467
2310	24	2043.167	1529.917
2311	16	478.250	1530.312
2312	30	647.467	1531.600
2313	33	778.500	1531.561
2314	5	1027.700	1529.100
2315	28	1050.500	1531.714
2316	22	538.545	1532.545
2317	30	812.400	1533.300
2318	18	852.500	1532.944
2319	33	891.409	1533.652
2320	28	1177.536	1533.179
2321	4	1228.500	1531
2322	18	1562.611	1533.333
2323	16	1716.375	1533.500
2324	14	441	1534.214
2325	5	509.700	1535.300
2326	4	1148	1535.500
